IC50,Cancer,Drug,From_Sanger,Fingerprint_834,Fingerprint_833,Fingerprint_830,Fingerprint_826,Fingerprint_825,Fingerprint_824,Fingerprint_821,Fingerprint_820,Fingerprint_819,Fingerprint_818,Fingerprint_813,Fingerprint_801,Fingerprint_799,Fingerprint_797,Fingerprint_784,Fingerprint_779,Fingerprint_776,Fingerprint_712,Fingerprint_710,Fingerprint_707,Fingerprint_698,Fingerprint_697,Fingerprint_694,Fingerprint_687,Fingerprint_686,Fingerprint_677,Fingerprint_676,Fingerprint_674,Fingerprint_673,Fingerprint_672,Fingerprint_669,Fingerprint_659,Fingerprint_646,Fingerprint_644,Fingerprint_635,Fingerprint_629,Fingerprint_625,Fingerprint_617,Fingerprint_611,Fingerprint_588,MOT_3D_RegulatorySpine_CSV,MOT_3D_RegulatorySpine_EXP,REC_R_HSA_198284,GO_0016477_CSV,GO_0035023,GO_0046330_EXP,GO_0048008,GO_0070372_EXP,FAM_CK1,EXP_CSNK1A1L,PKA_263_EXP_X_Fingerprint_826,PKA_280_B62_X_Fingerprint_819,EXP_ERN2_X_EXP_LRGUK,EXP_FGR_X_EXP_APOB,EXP_ITK_X_EXP_CD28,EXP_PHKG2_X_EXP_C1QTNF1,EXP_TXK_X_EXP_PHLPP1,PWY_R_HSA_199418_X_PWY_R_HSA_5627123,Predicted IC50,Validation
-0.36066,909759,56,0,0,0,0,1,0,0,0,0,1,0,0,0,0,1,1,0,0,0,1,0,1,1,0,0,0,1,0,1,0,0,0,1,0,0,0,0,0,0,1,0,0,0,0,0,0,0,0,0,0,3.0146730322,0,0,9.237139029,8.4702744104,7.4905298784,18.879786744,11.507563933,0,-0.115026018,8
2.961627,1240166,257,0,0,0,0,1,0,0,0,0,0,0,0,0,0,0,0,1,0,0,1,1,0,0,0,0,1,1,0,1,0,1,0,1,1,0,0,0,0,0,1,0,0,0,0,0,1,0,0,2.7966849473,0,3.0238717604,0,0,11.482168397,10.167713696,8.8557395336,20.400662619,11.724299341,0,2.2191544248,9
-1.438236,1299061,1060,1,0,0,0,0,0,0,1,0,0,0,0,0,0,0,0,0,0,0,1,0,0,0,0,0,0,1,0,0,1,1,0,0,0,0,0,0,0,1,0,0,0,0,0,0,0,5.924603939,0,0,0,3.181275322,0,0,11.527623475,8.7989567731,8.2649243614,19.027614517,10.63934132,0,-0.854071843,2
4.266299,909754,293,0,0,0,0,0,0,1,0,0,1,0,0,0,0,0,0,0,0,0,1,0,1,0,0,0,0,1,0,1,1,1,0,1,0,0,0,0,0,0,1,0,0.874992,3.482301125,2,1.249564,4,12.400271453,2,14.35521576,4,3.2239404416,0,2,10.807558704,8.9081237696,9.3022917015,24.001803288,16.699368639,2,4.3936436046,6
2.44231,1240166,1042,1,0,0,0,0,0,0,1,0,1,1,0,0,0,0,1,1,0,1,1,0,1,0,0,0,0,1,0,1,0,0,0,1,0,1,1,0,0,0,0,0,0,0,0,0,1,0,0,2.7966849473,0,3.0238717604,0,0,11.482168397,10.167713696,8.8557395336,20.400662619,11.724299341,0,3.4225131976,1
-0.814522,907298,199,0,0,0,0,0,0,0,1,1,0,0,0,0,0,0,0,1,0,0,1,0,0,0,0,0,0,1,0,1,0,0,0,0,0,1,0,1,0,0,0,0,0,0,0,0,0,0,0,0,0,2.976818149,0,0,11.151804899,8.4640050836,8.4112568406,19.341029083,9.6827849299,0,0.1116114458,7
3.803872,909754,192,0,0,0,0,0,0,0,0,0,0,0,0,0,0,0,0,0,0,0,0,0,0,0,0,0,0,1,0,0,0,0,0,0,0,0,0,0,0,0,0,0,0.874992,3.482301125,2,1.249564,4,12.400271453,2,14.35521576,4,3.2239404416,0,0,10.807558704,8.9081237696,9.3022917015,24.001803288,16.699368639,2,4.5125105991,6
1.062748,1240210,273,0,0,0,0,0,0,1,1,0,0,0,0,0,0,0,1,0,0,0,1,0,1,0,0,0,0,1,0,1,0,0,0,0,0,0,0,0,0,0,0,0,0,0,0,0,0,3.3913998776,0,0,1,2.9949189991,0,0,10.228550361,8.5071086764,8.3609990245,18.427721333,11.096510538,1,-0.657688618,8
-1.333068,908127,155,0,0,0,0,0,0,0,0,0,0,1,0,0,0,1,0,1,1,1,1,0,0,1,0,0,0,1,0,1,0,1,0,0,0,1,0,0,0,0,1,0,0,0,1,1.27964,1,0,0,0,1,3.0421537126,0,0,10.037693787,8.9938650804,8.3185333971,19.139495065,12.828822864,0,-1.409848446,7
5.957322,1240215,294,0,0,0,1,1,0,0,0,0,0,0,0,0,0,0,0,0,0,0,1,0,0,0,0,0,0,1,0,1,0,0,0,1,0,0,0,0,0,1,0,0,0,0,0,0,0,6.5996007032,1,0,0,3.0662629843,4.8019166656,0,9.7897319206,9.5000439039,8.3461885734,18.613933282,12.102026295,0,4.3046273818,3
4.274966,1240166,193,0,0,0,0,0,0,1,0,0,0,0,0,0,0,0,0,0,0,0,1,0,1,1,0,0,0,1,0,1,0,0,0,0,0,0,0,0,0,0,0,0,0,0,0,0,1,0,0,2.7966849473,0,3.0238717604,0,0,11.482168397,10.167713696,8.8557395336,20.400662619,11.724299341,0,5.0895633307,4
4.213042,1240215,1061,1,0,0,0,0,0,0,0,0,0,0,0,0,0,0,0,0,0,0,1,0,0,0,0,0,0,1,0,1,0,0,0,1,0,0,0,0,0,0,1,0,0,0,0,0,0,6.5996007032,1,0,0,3.0662629843,0,0,9.7897319206,9.5000439039,8.3461885734,18.613933282,12.102026295,0,4.305705004,9
3.74429,909756,305,0,0,0,0,0,0,0,0,0,0,0,0,0,0,0,0,0,0,0,1,0,0,1,0,0,0,1,0,1,1,1,0,0,0,0,0,0,0,0,0,0,0,0,0,0,0,0,0,0,0,2.8475138,0,0,9.933029521,9.3930114186,8.4369559448,20.367287435,12.196426895,0,2.9782057222,7
0.63222,971773,331,0,0,0,0,0,0,0,1,0,0,0,0,0,0,1,0,1,0,1,1,1,0,1,0,0,0,1,0,0,0,1,0,0,0,1,0,0,0,0,0,0,0,0,0,0,0,0,0,0,0,2.9223297099,0,0,8.8816005533,8.4627762221,8.5256898879,18.752996197,9.9208505412,0,0.9722731827,3
4.466036,908127,1129,1,0,1,0,0,0,0,0,0,0,0,0,0,0,0,0,1,0,0,1,0,0,0,0,0,0,1,0,1,0,0,0,0,0,0,0,0,0,0,1,0,0,0,1,1.27964,1,0,0,0,1,3.0421537126,0,0,10.037693787,8.9938650804,8.3185333971,19.139495065,12.828822864,0,3.2097835635,1
4.411118,909754,119,0,0,0,0,0,0,0,1,0,0,0,1,0,0,1,1,1,0,0,1,1,1,1,0,0,0,1,0,1,0,1,0,1,0,0,0,0,0,0,0,0,0.874992,3.482301125,2,1.249564,4,12.400271453,2,14.35521576,4,3.2239404416,0,0,10.807558704,8.9081237696,9.3022917015,24.001803288,16.699368639,2,4.2392591949,2
3.954049,909754,277,0,0,0,0,0,0,0,1,0,0,1,0,0,0,0,0,1,0,1,1,0,0,1,0,0,0,1,0,1,0,0,0,0,0,1,1,0,0,0,0,0,0.874992,3.482301125,2,1.249564,4,12.400271453,2,14.35521576,4,3.2239404416,0,0,10.807558704,8.9081237696,9.3022917015,24.001803288,16.699368639,2,4.7900973365,8
-2.947876,909759,1057,1,0,0,0,0,0,0,1,0,0,0,0,0,0,1,0,1,0,1,1,0,0,1,0,0,0,1,1,1,0,0,0,0,1,0,0,0,0,0,1,0,0,0,0,0,0,0,0,0,0,3.0146730322,0,0,9.237139029,8.4702744104,7.4905298784,18.879786744,11.507563933,0,-2.469909066,4
2.161229,1240210,176,0,0,0,0,0,1,0,0,1,0,1,0,0,1,0,0,0,0,1,1,0,1,0,0,0,0,1,0,0,0,0,0,0,0,0,0,0,0,1,0,0,0,0,0,0,0,3.3913998776,0,0,1,2.9949189991,0,0,10.228550361,8.5071086764,8.3609990245,18.427721333,11.096510538,1,2.9603166988,4
-0.359268,1240215,1021,1,0,0,0,0,0,0,1,1,0,0,0,0,0,0,0,0,0,0,1,0,0,0,0,0,0,1,0,0,0,1,0,0,1,1,0,1,0,0,0,0,0,0,0,0,0,6.5996007032,1,0,0,3.0662629843,0,0,9.7897319206,9.5000439039,8.3461885734,18.613933282,12.102026295,0,1.5737775495,2
4.437611,1240166,1025,1,0,0,0,0,0,0,1,0,0,0,0,0,0,0,0,0,0,1,1,1,0,1,0,0,0,1,0,0,0,0,0,0,0,0,0,0,0,0,0,0,0,0,0,0,1,0,0,2.7966849473,0,3.0238717604,0,0,11.482168397,10.167713696,8.8557395336,20.400662619,11.724299341,0,4.7509827978,2
-0.208534,909756,56,0,0,0,0,1,0,0,0,0,1,0,0,0,0,1,1,0,0,0,1,0,1,1,0,0,0,1,0,1,0,0,0,1,0,0,0,0,0,0,1,0,0,0,0,0,0,0,0,0,0,2.8475138,0,0,9.933029521,9.3930114186,8.4369559448,20.367287435,12.196426895,0,1.1578176367,10
3.893806,971773,110,0,0,0,0,0,0,0,0,0,0,0,0,0,0,0,0,0,0,0,1,0,0,0,0,0,0,1,0,1,0,0,0,1,0,0,0,0,0,1,1,0,0,0,0,0,0,0,0,0,0,2.9223297099,0,0,8.8816005533,8.4627762221,8.5256898879,18.752996197,9.9208505412,0,4.314285114,6
3.329009,909716,292,0,0,0,0,0,0,0,1,0,0,0,0,0,0,0,0,1,1,0,1,0,0,0,0,0,0,1,0,1,0,1,0,0,0,0,0,0,0,0,1,0,0,0,1,0.635086,0,0,0,0,0,3.0394636924,0,0,10.003834798,9.1063448433,9.204390565,21.518247244,10.79405744,0,3.2455983884,5
3.951209,907298,279,0,0,0,0,0,0,0,1,0,0,0,0,0,0,0,0,0,1,0,1,0,0,1,0,0,0,1,0,0,1,1,0,0,1,0,0,0,0,0,0,0,0,0,0,0,0,0,0,0,0,2.976818149,0,0,11.151804899,8.4640050836,8.4112568406,19.341029083,9.6827849299,0,4.2845666332,1
-0.638032,971773,252,0,0,0,0,0,0,0,0,0,0,0,0,0,0,0,0,0,0,0,0,0,0,0,0,0,0,1,0,1,0,1,0,0,0,0,0,0,0,0,1,0,0,0,0,0,0,0,0,0,0,2.9223297099,0,0,8.8816005533,8.4627762221,8.5256898879,18.752996197,9.9208505412,0,-0.59363998,10
2.899067,1240166,226,0,0,0,0,0,0,0,0,0,0,0,0,0,0,1,0,1,0,1,1,0,0,1,0,0,0,1,0,1,0,0,0,0,1,1,0,0,0,0,0,0,0,0,0,0,1,0,0,2.7966849473,0,3.0238717604,0,0,11.482168397,10.167713696,8.8557395336,20.400662619,11.724299341,0,2.5060545406,10
3.907652,909756,281,0,0,0,0,0,0,0,1,0,0,1,0,0,0,1,0,1,1,1,1,1,0,1,0,0,0,1,1,0,1,1,0,1,0,0,0,0,0,0,0,0,0,0,0,0,0,0,0,0,0,2.8475138,0,0,9.933029521,9.3930114186,8.4369559448,20.367287435,12.196426895,0,4.170022685,4
4.006122,909264,192,0,0,0,0,0,0,0,0,0,0,0,0,0,0,0,0,0,0,0,0,0,0,0,0,0,0,1,0,0,0,0,0,0,0,0,0,0,0,0,0,0,0,0,0,0,0,0,0,0,1,2.8489562007,0,0,10.179938953,8.755480529,8.5485372513,19.138951582,10.853599749,0,4.2070341511,1
1.529735,971773,1038,1,0,0,0,0,0,0,0,1,1,0,0,0,0,1,0,0,0,1,1,0,1,1,0,0,0,1,0,0,1,1,0,1,1,0,0,0,1,0,0,1,0,0,0,0,0,0,0,0,0,2.9223297099,0,-3,8.8816005533,8.4627762221,8.5256898879,18.752996197,9.9208505412,0,1.2332362943,3
0.469693,909716,1059,1,0,0,0,0,0,0,0,0,1,0,0,0,0,1,0,0,0,0,1,0,1,1,0,0,0,1,0,1,0,0,0,1,0,0,0,0,0,1,0,0,0,0,1,0.635086,0,0,0,0,0,3.0394636924,0,0,10.003834798,9.1063448433,9.204390565,21.518247244,10.79405744,0,0.6663830073,6
3.257515,909720,1129,1,0,1,0,0,0,0,0,0,0,0,0,0,0,0,0,1,0,0,1,0,0,0,0,0,0,1,0,1,0,0,0,0,0,0,0,0,0,0,1,0,0,0,0,0,0,0,0,0,0,3.0099116771,0,0,9.0894024505,8.2986888893,8.1706134297,17.631371436,12.114078001,0,3.1722888328,10
2.856598,908127,1013,1,0,0,0,0,0,0,1,0,0,0,0,0,0,0,0,0,1,0,1,0,0,0,0,0,0,1,0,1,0,1,0,0,0,0,0,0,0,0,1,0,0,0,1,1.27964,1,0,0,0,1,3.0421537126,0,0,10.037693787,8.9938650804,8.3185333971,19.139495065,12.828822864,0,2.5591046514,8
4.627161,909732,288,0,0,0,0,0,0,1,1,0,0,0,0,0,0,0,1,0,0,0,1,0,0,0,0,0,0,1,0,1,0,0,0,0,0,0,0,0,0,1,0,0,0,0,0,0,0,0,0,0,1,2.973266203,0,0,10.857390724,8.2620767107,8.4660243758,21.864805491,10.66951928,0,4.3181698779,9
-3.577622,907298,1057,1,0,0,0,0,0,0,1,0,0,0,0,0,0,1,0,1,0,1,1,0,0,1,0,0,0,1,1,1,0,0,0,0,1,0,0,0,0,0,1,0,0,0,0,0,0,0,0,0,0,2.976818149,0,0,11.151804899,8.4640050836,8.4112568406,19.341029083,9.6827849299,0,-3.420484787,5
1.335727,971773,155,0,0,0,0,0,0,0,0,0,0,1,0,0,0,1,0,1,1,1,1,0,0,1,0,0,0,1,0,1,0,1,0,0,0,1,0,0,0,0,1,0,0,0,0,0,0,0,0,0,0,2.9223297099,0,0,8.8816005533,8.4627762221,8.5256898879,18.752996197,9.9208505412,0,0.1840716796,9
-0.994829,907298,308,0,0,0,0,0,0,1,1,0,0,0,0,0,0,0,1,0,0,0,1,0,1,0,0,0,0,1,0,0,0,0,0,1,0,0,0,0,0,0,0,1,0,0,0,0,0,0,0,0,0,2.976818149,0,0,11.151804899,8.4640050836,8.4112568406,19.341029083,9.6827849299,0,0.5298250868,2
-3.518447,909720,1024,1,0,1,0,0,0,0,1,0,0,1,0,0,0,1,0,1,1,1,1,1,0,1,0,0,0,1,0,0,0,0,0,1,1,0,0,0,0,1,1,0,0,0,0,0,0,0,0,0,0,3.0099116771,0,0,9.0894024505,8.2986888893,8.1706134297,17.631371436,12.114078001,0,-1.607346633,2
1.089344,971774,1038,1,0,0,0,0,0,0,0,1,1,0,0,0,0,1,0,0,0,1,1,0,1,1,0,0,0,1,0,0,1,1,0,1,1,0,0,0,1,0,0,1,0.807544,3.165283691,0,0.726215,1,3.4190544056,1,4.2084771202,1,3.0918643898,0,0,11.706620878,9.1123914875,8.9001265462,18.080785351,12.757518026,0,1.0453983041,5
5.404993,925343,292,0,0,0,0,0,0,0,1,0,0,0,0,0,0,0,0,1,1,0,1,0,0,0,0,0,0,1,0,1,0,1,0,0,0,0,0,0,0,0,1,0,0,0,0,0,1,0,0,0,1,2.9962981835,0,0,10.189126272,8.8162974431,8.2373848904,18.579263139,13.013508287,0,4.4666186705,8
4.104813,1240215,193,0,0,0,0,0,0,1,0,0,0,0,0,0,0,0,0,0,0,0,1,0,1,1,0,0,0,1,0,1,0,0,0,0,0,0,0,0,0,0,0,0,0,0,0,0,0,6.5996007032,1,0,0,3.0662629843,0,0,9.7897319206,9.5000439039,8.3461885734,18.613933282,12.102026295,0,4.9337281011,8
3.75131,1240215,176,0,0,0,0,0,1,0,0,1,0,1,0,0,1,0,0,0,0,1,1,0,1,0,0,0,0,1,0,0,0,0,0,0,0,0,0,0,0,1,0,0,0,0,0,0,0,6.5996007032,1,0,0,3.0662629843,0,0,9.7897319206,9.5000439039,8.3461885734,18.613933282,12.102026295,0,3.3106011749,3
3.681769,1240210,249,0,0,0,0,0,0,1,1,0,0,0,0,0,0,0,1,0,0,0,1,0,1,0,0,0,0,1,0,0,0,0,0,0,0,0,0,0,0,0,0,1,0,0,0,0,0,3.3913998776,0,0,1,2.9949189991,0,0,10.228550361,8.5071086764,8.3609990245,18.427721333,11.096510538,1,3.444312754,7
2.55177,910784,177,0,0,0,0,0,0,0,0,0,0,1,0,0,0,1,0,0,1,1,1,0,1,1,0,0,0,1,0,1,0,1,0,0,0,0,0,0,0,1,0,0,0,0,0,0,0,3.1694195397,0,0,0,2.7731873637,0,0,9.4480264448,8.1521646816,8.3427107252,19.196949072,9.0332286474,0,2.589938519,5
2.181915,909756,64,0,0,0,0,0,0,0,0,0,0,0,0,0,0,0,0,0,1,1,1,0,0,1,0,0,0,1,0,1,0,0,0,0,0,0,0,0,0,1,0,0,0,0,0,0,0,0,0,0,0,2.8475138,0,0,9.933029521,9.3930114186,8.4369559448,20.367287435,12.196426895,0,0.4131985105,1
0.809302,909732,30,0,0,0,0,0,0,0,0,0,0,0,0,0,0,0,1,0,0,0,1,0,0,0,0,0,1,1,0,1,0,1,0,0,1,0,0,0,0,0,1,0,0,0,0,0,0,0,0,0,1,2.973266203,0,0,10.857390724,8.2620767107,8.4660243758,21.864805491,10.66951928,0,1.659122181,9
-2.045997,907298,1059,1,0,0,0,0,0,0,0,0,1,0,0,0,0,1,0,0,0,0,1,0,1,1,0,0,0,1,0,1,0,0,0,1,0,0,0,0,0,1,0,0,0,0,0,0,0,0,0,0,0,2.976818149,0,0,11.151804899,8.4640050836,8.4112568406,19.341029083,9.6827849299,0,-1.11376058,3
0.350397,909720,64,0,0,0,0,0,0,0,0,0,0,0,0,0,0,0,0,0,1,1,1,0,0,1,0,0,0,1,0,1,0,0,0,0,0,0,0,0,0,1,0,0,0,0,0,0,0,0,0,0,0,3.0099116771,0,0,9.0894024505,8.2986888893,8.1706134297,17.631371436,12.114078001,0,1.4303898414,7
4.738758,906999,329,0,0,0,0,0,0,0,1,0,0,0,0,0,0,0,0,0,1,0,1,0,0,0,0,0,0,1,0,0,1,1,0,1,0,0,0,0,0,0,0,0,0.7194,3.6102271394,1,0.7194,1,7.3829576608,1,2.9446837949,1,3.0495934171,0,0,9.9476808172,9.3831420839,8.7083086013,23.755134442,11.830576137,2,4.8019341839,3
1.813248,925343,235,0,0,0,0,0,0,0,1,0,0,0,0,0,0,1,0,1,0,1,1,1,0,1,0,0,0,1,0,0,0,1,0,0,1,1,0,0,0,0,0,0,0,0,0,0,1,0,0,0,1,2.9962981835,0,0,10.189126272,8.8162974431,8.2373848904,18.579263139,13.013508287,0,0.878107636,5
4.046236,909720,290,0,0,0,0,0,0,0,0,0,0,0,0,0,0,0,0,0,0,0,1,0,0,0,0,0,0,0,1,0,1,1,0,0,0,0,0,0,0,0,0,0,0,0,0,0,0,0,0,0,0,3.0099116771,0,0,9.0894024505,8.2986888893,8.1706134297,17.631371436,12.114078001,0,4.4661305664,9
3.309016,908127,221,0,0,0,0,0,0,0,0,0,0,0,0,0,0,1,0,0,0,0,1,0,0,1,0,0,0,1,0,1,0,1,0,0,0,0,0,0,0,0,0,0,0,0,1,1.27964,1,0,0,0,1,3.0421537126,0,0,10.037693787,8.9938650804,8.3185333971,19.139495065,12.828822864,0,4.4500951204,7
4.382795,1240210,326,0,0,0,0,0,0,0,0,0,0,0,0,0,0,0,0,0,0,0,0,0,0,0,0,0,0,1,0,1,0,0,0,1,0,0,0,0,0,0,1,0,0,0,0,0,0,3.3913998776,0,0,1,2.9949189991,0,0,10.228550361,8.5071086764,8.3609990245,18.427721333,11.096510538,1,3.6016002755,8
-3.476856,909759,283,0,0,0,0,0,0,0,1,0,0,0,0,0,0,1,0,1,0,1,1,0,1,1,0,0,0,1,0,0,0,0,0,0,0,1,0,0,0,0,1,0,0,0,0,0,0,0,0,0,0,3.0146730322,0,0,9.237139029,8.4702744104,7.4905298784,18.879786744,11.507563933,0,-0.037555951,1
0.095284,910784,235,0,0,0,0,0,0,0,1,0,0,0,0,0,0,1,0,1,0,1,1,1,0,1,0,0,0,1,0,0,0,1,0,0,1,1,0,0,0,0,0,0,0,0,0,0,0,3.1694195397,0,0,0,2.7731873637,0,0,9.4480264448,8.1521646816,8.3427107252,19.196949072,9.0332286474,0,0.8819115412,10
2.244114,909754,1242,1,0,0,0,0,0,0,0,0,1,1,0,0,0,0,0,0,0,1,1,0,1,0,0,0,0,1,0,0,0,1,0,0,0,0,0,0,1,1,0,0,0.874992,3.482301125,2,1.249564,4,12.400271453,2,14.35521576,4,3.2239404416,0,2,10.807558704,8.9081237696,9.3022917015,24.001803288,16.699368639,2,1.4922370477,7
4.27339,971773,1043,1,0,0,0,0,0,0,0,0,1,0,0,0,0,0,0,0,0,0,1,0,1,0,0,0,1,1,1,1,0,0,0,0,0,0,0,0,0,0,0,0,0,0,0,0,0,0,0,0,0,2.9223297099,0,-3,8.8816005533,8.4627762221,8.5256898879,18.752996197,9.9208505412,0,3.3082391442,2
2.243331,1240166,1052,1,0,0,0,0,0,0,1,0,0,0,0,0,0,1,0,1,0,0,1,0,0,1,0,0,0,1,0,0,0,1,0,0,0,0,0,0,0,0,0,0,0,0,0,0,1,0,0,2.7966849473,0,3.0238717604,0,0,11.482168397,10.167713696,8.8557395336,20.400662619,11.724299341,0,3.7012289114,10
4.445157,909732,221,0,0,0,0,0,0,0,0,0,0,0,0,0,0,1,0,0,0,0,1,0,0,1,0,0,0,1,0,1,0,1,0,0,0,0,0,0,0,0,0,0,0,0,0,0,0,0,0,0,1,2.973266203,0,0,10.857390724,8.2620767107,8.4660243758,21.864805491,10.66951928,0,4.4436936446,3
5.199849,906999,229,0,0,0,0,0,0,0,1,0,0,0,0,0,0,0,0,0,0,1,1,1,0,1,0,0,0,1,0,0,0,0,0,0,0,0,0,0,0,0,1,0,0.7194,3.6102271394,1,0.7194,1,7.3829576608,1,2.9446837949,1,3.0495934171,0,0,9.9476808172,9.3831420839,8.7083086013,23.755134442,11.830576137,2,3.2631719617,6
4.117832,910784,221,0,0,0,0,0,0,0,0,0,0,0,0,0,0,1,0,0,0,0,1,0,0,1,0,0,0,1,0,1,0,1,0,0,0,0,0,0,0,0,0,0,0,0,0,0,0,3.1694195397,0,0,0,2.7731873637,0,0,9.4480264448,8.1521646816,8.3427107252,19.196949072,9.0332286474,0,4.414788724,8
2.034186,1240215,207,0,0,0,1,0,0,0,0,0,0,0,0,0,0,0,0,0,0,0,1,0,0,0,0,0,0,1,1,1,0,0,0,0,0,0,0,0,0,0,0,0,0,0,0,0,0,6.5996007032,1,0,0,3.0662629843,0,0,9.7897319206,9.5000439039,8.3461885734,18.613933282,12.102026295,0,2.1478567562,5
3.88872,906999,282,0,0,0,0,1,0,0,1,0,0,0,1,0,0,0,0,0,0,0,1,0,1,1,0,0,0,1,1,0,0,1,0,1,0,0,0,0,0,0,0,0,0.7194,3.6102271394,1,0.7194,1,7.3829576608,1,2.9446837949,1,3.0495934171,3.165542488,0,9.9476808172,9.3831420839,8.7083086013,23.755134442,11.830576137,2,3.611505786,3
3.568753,971773,1039,1,0,0,0,0,0,0,0,0,1,0,0,0,0,0,0,0,0,0,1,0,1,1,0,0,1,1,0,0,0,1,0,0,0,0,0,0,1,1,0,1,0,0,0,0,0,0,0,0,0,2.9223297099,0,-3,8.8816005533,8.4627762221,8.5256898879,18.752996197,9.9208505412,0,3.4844524443,2
6.301991,909754,288,0,0,0,0,0,0,1,1,0,0,0,0,0,0,0,1,0,0,0,1,0,0,0,0,0,0,1,0,1,0,0,0,0,0,0,0,0,0,1,0,0,0.874992,3.482301125,2,1.249564,4,12.400271453,2,14.35521576,4,3.2239404416,0,0,10.807558704,8.9081237696,9.3022917015,24.001803288,16.699368639,2,6.5130113955,9
3.472918,909759,256,0,0,0,0,0,0,0,1,0,0,0,0,0,0,1,0,1,0,1,1,1,1,1,0,0,0,1,0,0,0,1,0,0,0,0,0,0,0,0,1,0,0,0,0,0,0,0,0,0,0,3.0146730322,0,0,9.237139029,8.4702744104,7.4905298784,18.879786744,11.507563933,0,3.8867613261,4
1.459007,909264,295,0,0,0,0,0,0,0,1,0,0,0,0,0,0,0,0,0,1,0,1,0,0,0,0,0,0,1,0,1,0,1,0,0,0,1,0,0,0,0,0,0,0,0,0,0,0,0,0,0,1,2.8489562007,0,0,10.179938953,8.755480529,8.5485372513,19.138951582,10.853599749,0,1.1750736232,3
-0.153597,924248,153,0,0,1,0,0,0,0,1,0,0,1,0,0,0,1,0,1,1,1,1,1,0,1,0,0,0,1,0,0,0,1,0,1,1,0,0,0,0,0,1,0,0,0,0,0.770379,0,0,0,4.9079778596,0,2.9762225287,0,0,10.286534739,8.7162113922,8.7121246012,21.756550177,14.591372756,0,-0.227947182,4
-2.165293,909756,29,0,0,0,0,0,0,0,1,0,0,0,0,0,0,1,0,1,0,1,1,0,0,1,0,0,0,1,1,1,1,1,0,0,1,0,0,0,0,0,0,0,0,0,0,0,0,0,0,0,0,2.8475138,0,0,9.933029521,9.3930114186,8.4369559448,20.367287435,12.196426895,0,1.1841176891,7
5.372646,909720,193,0,0,0,0,0,0,1,0,0,0,0,0,0,0,0,0,0,0,0,1,0,1,1,0,0,0,1,0,1,0,0,0,0,0,0,0,0,0,0,0,0,0,0,0,0,0,0,0,0,0,3.0099116771,0,0,9.0894024505,8.2986888893,8.1706134297,17.631371436,12.114078001,0,5.1300200414,5
2.1795160163,909759,1032,1,0,0,0,1,0,0,1,0,0,0,1,0,0,0,0,0,0,0,1,0,0,0,0,0,0,1,0,1,0,1,0,1,0,0,0,0,0,0,0,0,0,0,0,0,0,0,0,0,0,3.0146730322,0,0,9.237139029,8.4702744104,7.4905298784,18.879786744,11.507563933,0,1.9509108886,5
5.99346,910784,193,0,0,0,0,0,0,1,0,0,0,0,0,0,0,0,0,0,0,0,1,0,1,1,0,0,0,1,0,1,0,0,0,0,0,0,0,0,0,0,0,0,0,0,0,0,0,3.1694195397,0,0,0,2.7731873637,0,0,9.4480264448,8.1521646816,8.3427107252,19.196949072,9.0332286474,0,5.2613967216,9
1.415595,1240210,226,0,0,0,0,0,0,0,0,0,0,0,0,0,0,1,0,1,0,1,1,0,0,1,0,0,0,1,0,1,0,0,0,0,1,1,0,0,0,0,0,0,0,0,0,0,0,3.3913998776,0,0,1,2.9949189991,0,0,10.228550361,8.5071086764,8.3609990245,18.427721333,11.096510538,1,2.1434459496,8
-3.175861,909759,153,0,0,1,0,0,0,0,1,0,0,1,0,0,0,1,0,1,1,1,1,1,0,1,0,0,0,1,0,0,0,1,0,1,1,0,0,0,0,0,1,0,0,0,0,0,0,0,0,0,0,3.0146730322,0,0,9.237139029,8.4702744104,7.4905298784,18.879786744,11.507563933,0,-2.698754382,6
4.326241,1240215,1158,1,0,0,0,1,0,0,0,0,0,0,0,0,0,0,0,1,0,0,1,1,0,0,0,0,1,1,0,1,0,1,0,1,1,0,0,0,0,0,1,0,0,0,0,0,0,6.5996007032,1,0,0,3.0662629843,4.8019166656,0,9.7897319206,9.5000439039,8.3461885734,18.613933282,12.102026295,0,4.3775143509,4
5.266049,906999,294,0,0,0,1,1,0,0,0,0,0,0,0,0,0,0,0,0,0,0,1,0,0,0,0,0,0,1,0,1,0,0,0,1,0,0,0,0,0,1,0,0,0.7194,3.6102271394,1,0.7194,1,7.3829576608,1,2.9446837949,1,3.0495934171,3.165542488,0,9.9476808172,9.3831420839,8.7083086013,23.755134442,11.830576137,2,5.4407688754,8
2.624544,909716,1219,1,0,0,0,0,1,0,1,0,0,0,0,0,0,0,0,0,0,0,1,0,0,0,0,0,0,1,0,1,0,0,0,0,1,0,0,0,0,0,0,0,0,0,1,0.635086,0,0,0,0,0,3.0394636924,0,0,10.003834798,9.1063448433,9.204390565,21.518247244,10.79405744,0,2.2658806102,7
-2.486435,909732,32,0,0,0,0,0,0,0,0,0,0,0,0,0,0,0,0,0,0,0,0,0,0,0,0,0,0,1,0,1,0,0,0,0,0,1,1,0,0,0,1,0,0,0,0,0,0,0,0,0,1,2.973266203,0,0,10.857390724,8.2620767107,8.4660243758,21.864805491,10.66951928,0,-0.497347791,8
-1.403411,971773,1022,1,0,0,0,0,0,0,0,0,0,0,0,0,0,0,0,0,0,0,1,0,0,1,0,0,0,1,0,1,1,0,0,0,1,0,0,1,0,0,1,0,0,0,0,0,0,0,0,0,0,2.9223297099,0,0,8.8816005533,8.4627762221,8.5256898879,18.752996197,9.9208505412,0,-1.416631725,10
3.142234,909716,1158,1,0,0,0,1,0,0,0,0,0,0,0,0,0,0,0,1,0,0,1,1,0,0,0,0,1,1,0,1,0,1,0,1,1,0,0,0,0,0,1,0,0,0,1,0.635086,0,0,0,0,0,3.0394636924,0,0,10.003834798,9.1063448433,9.204390565,21.518247244,10.79405744,0,4.3894552578,10
1.899215,971774,222,0,0,0,0,0,0,0,0,0,0,0,0,0,0,0,0,0,0,0,0,0,0,0,0,0,0,1,0,1,0,0,0,0,1,0,0,0,0,0,1,0,0.807544,3.165283691,0,0.726215,1,3.4190544056,1,4.2084771202,1,3.0918643898,0,0,11.706620878,9.1123914875,8.9001265462,18.080785351,12.757518026,0,2.5595600659,2
2.783339,909264,305,0,0,0,0,0,0,0,0,0,0,0,0,0,0,0,0,0,0,0,1,0,0,1,0,0,0,1,0,1,1,1,0,0,0,0,0,0,0,0,0,0,0,0,0,0,0,0,0,0,1,2.8489562007,0,0,10.179938953,8.755480529,8.5485372513,19.138951582,10.853599749,0,3.0297520287,2
3.832918,925343,295,0,0,0,0,0,0,0,1,0,0,0,0,0,0,0,0,0,1,0,1,0,0,0,0,0,0,1,0,1,0,1,0,0,0,1,0,0,0,0,0,0,0,0,0,0,1,0,0,0,1,2.9962981835,0,0,10.189126272,8.8162974431,8.2373848904,18.579263139,13.013508287,0,3.1862930392,8
1.510179,910784,207,0,0,0,1,0,0,0,0,0,0,0,0,0,0,0,0,0,0,0,1,0,0,0,0,0,0,1,1,1,0,0,0,0,0,0,0,0,0,0,0,0,0,0,0,0,0,3.1694195397,0,0,0,2.7731873637,0,0,9.4480264448,8.1521646816,8.3427107252,19.196949072,9.0332286474,0,2.049900225,1
3.909131,907298,326,0,0,0,0,0,0,0,0,0,0,0,0,0,0,0,0,0,0,0,0,0,0,0,0,0,0,1,0,1,0,0,0,1,0,0,0,0,0,0,1,0,0,0,0,0,0,0,0,0,0,2.976818149,0,0,11.151804899,8.4640050836,8.4112568406,19.341029083,9.6827849299,0,4.1352495793,7
3.3293357082,907298,1032,1,0,0,0,1,0,0,1,0,0,0,1,0,0,0,0,0,0,0,1,0,0,0,0,0,0,1,0,1,0,1,0,1,0,0,0,0,0,0,0,0,0,0,0,0,0,0,0,0,0,2.976818149,0,0,11.151804899,8.4640050836,8.4112568406,19.341029083,9.6827849299,0,1.4230764068,3
3.131101,909754,35,0,0,0,1,1,0,0,0,0,0,0,0,0,0,0,0,0,0,0,0,0,0,0,0,0,0,1,0,1,0,0,0,1,0,0,0,0,0,0,1,0,0.874992,3.482301125,2,1.249564,4,12.400271453,2,14.35521576,4,3.2239404416,0,0,10.807558704,8.9081237696,9.3022917015,24.001803288,16.699368639,2,3.4466298858,2
-0.406442,1240210,157,0,0,0,0,0,0,0,0,0,0,0,0,0,0,0,0,0,0,0,1,0,0,0,0,0,0,1,0,1,0,0,0,1,0,0,0,0,0,0,0,0,0,0,0,0,0,3.3913998776,0,0,1,2.9949189991,0,0,10.228550361,8.5071086764,8.3609990245,18.427721333,11.096510538,1,0.3059276194,6
1.175632,1299061,1037,1,0,0,0,0,0,0,0,0,0,0,0,0,0,0,0,0,0,0,0,0,0,0,0,0,0,1,0,1,0,1,0,0,1,0,0,0,0,0,0,0,0,0,0,0,0,5.924603939,0,0,0,3.181275322,0,0,11.527623475,8.7989567731,8.2649243614,19.027614517,10.63934132,0,1.2619377143,5
1.004293,1240210,1010,1,0,0,0,0,0,1,1,0,0,0,1,0,0,0,1,0,0,0,1,0,0,0,0,0,0,1,0,1,0,0,0,1,0,0,0,0,0,0,0,0,0,0,0,0,0,3.3913998776,0,0,1,2.9949189991,0,0,10.228550361,8.5071086764,8.3609990245,18.427721333,11.096510538,1,1.4159662165,4
0.890447,1240215,1161,1,0,0,0,0,0,0,0,0,0,0,0,0,0,0,0,1,0,0,1,1,0,0,0,0,0,1,0,1,0,1,0,0,0,0,0,0,0,0,0,0,0,0,0,0,0,6.5996007032,1,0,0,3.0662629843,0,0,9.7897319206,9.5000439039,8.3461885734,18.613933282,12.102026295,0,1.3419245802,2
-1.057606,909732,1024,1,0,1,0,0,0,0,1,0,0,1,0,0,0,1,0,1,1,1,1,1,0,1,0,0,0,1,0,0,0,0,0,1,1,0,0,0,0,1,1,0,0,0,0,0,0,0,0,0,1,2.973266203,0,0,10.857390724,8.2620767107,8.4660243758,21.864805491,10.66951928,0,-1.835872568,9
-0.610711,925343,167,0,0,0,0,0,0,0,0,0,0,1,0,0,0,1,0,0,1,1,1,0,0,1,0,0,0,1,0,0,0,0,0,0,0,1,0,0,0,0,1,0,0,0,0,0,1,0,0,0,1,2.9962981835,0,0,10.189126272,8.8162974431,8.2373848904,18.579263139,13.013508287,0,0.3240013392,5
0.463304,924248,312,0,1,0,0,0,0,1,1,0,0,0,0,0,0,0,1,0,0,0,1,0,1,0,0,0,0,1,0,1,1,0,0,0,0,0,0,0,0,0,0,0,0,0,0,0.770379,0,0,0,4.9079778596,0,2.9762225287,0,0,10.286534739,8.7162113922,8.7121246012,21.756550177,14.591372756,0,0.4595061955,4
5.128203,909759,263,0,0,0,0,0,0,0,0,0,0,0,0,0,0,0,0,0,0,0,1,0,0,1,0,0,0,1,0,0,0,0,0,0,0,1,1,0,0,0,0,0,0,0,0,0,0,0,0,0,0,3.0146730322,0,0,9.237139029,8.4702744104,7.4905298784,18.879786744,11.507563933,0,4.3249238047,5
3.36226,971773,54,0,0,0,0,0,0,0,1,0,0,0,0,0,0,0,1,0,0,0,1,0,0,0,0,0,0,1,0,1,0,0,0,0,0,0,0,0,0,1,0,0,0,0,0,0,0,0,0,0,0,2.9223297099,0,0,8.8816005533,8.4627762221,8.5256898879,18.752996197,9.9208505412,0,3.6667112558,10
5.078606,971774,1042,1,0,0,0,0,0,0,1,0,1,1,0,0,0,0,1,1,0,1,1,0,1,0,0,0,0,1,0,1,0,0,0,1,0,1,1,0,0,0,0,0,0.807544,3.165283691,0,0.726215,1,3.4190544056,1,4.2084771202,1,3.0918643898,0,0,11.706620878,9.1123914875,8.9001265462,18.080785351,12.757518026,0,3.3758730643,7
2.625817,909716,1029,1,0,0,0,0,0,0,1,0,0,0,0,0,0,0,0,1,0,1,1,0,0,1,0,0,0,1,0,1,1,1,0,0,0,0,0,0,0,0,0,0,0,0,1,0.635086,0,0,0,0,0,3.0394636924,0,0,10.003834798,9.1063448433,9.204390565,21.518247244,10.79405744,0,2.1405653088,4
2.812924,910784,1032,1,0,0,0,1,0,0,1,0,0,0,1,0,0,0,0,0,0,0,1,0,0,0,0,0,0,1,0,1,0,1,0,1,0,0,0,0,0,0,0,0,0,0,0,0,0,3.1694195397,0,0,0,2.7731873637,4.714736251,0,9.4480264448,8.1521646816,8.3427107252,19.196949072,9.0332286474,0,2.4295063912,7
0.346138,910784,260,0,0,0,0,0,0,0,0,0,1,1,0,0,0,0,0,1,1,1,1,0,1,0,0,0,1,1,0,1,0,1,0,0,0,0,0,0,0,0,1,0,0,0,0,0,0,3.1694195397,0,0,0,2.7731873637,0,0,9.4480264448,8.1521646816,8.3427107252,19.196949072,9.0332286474,0,1.1789204995,6
1.868299,971773,86,0,0,0,0,0,0,0,1,0,0,0,0,0,0,1,0,1,0,1,1,0,1,1,0,0,0,1,0,0,0,0,0,1,0,1,0,0,0,0,0,0,0,0,0,0,0,0,0,0,0,2.9223297099,0,0,8.8816005533,8.4627762221,8.5256898879,18.752996197,9.9208505412,0,0.4283627119,7
5.512755,909754,298,0,0,0,0,0,0,0,1,0,0,0,0,0,0,0,1,0,0,1,1,0,0,1,0,0,0,1,0,0,1,0,0,0,0,0,0,1,0,0,0,0,0.874992,3.482301125,2,1.249564,4,12.400271453,2,14.35521576,4,3.2239404416,0,0,10.807558704,8.9081237696,9.3022917015,24.001803288,16.699368639,2,5.9208744488,9
0.436776,909759,64,0,0,0,0,0,0,0,0,0,0,0,0,0,0,0,0,0,1,1,1,0,0,1,0,0,0,1,0,1,0,0,0,0,0,0,0,0,0,1,0,0,0,0,0,0,0,0,0,0,0,3.0146730322,0,0,9.237139029,8.4702744104,7.4905298784,18.879786744,11.507563933,0,0.169877332,2
2.209553,925343,1010,1,0,0,0,0,0,1,1,0,0,0,1,0,0,0,1,0,0,0,1,0,0,0,0,0,0,1,0,1,0,0,0,1,0,0,0,0,0,0,0,0,0,0,0,0,1,0,0,0,1,2.9962981835,0,0,10.189126272,8.8162974431,8.2373848904,18.579263139,13.013508287,0,1.4158528955,6
4.575524,925343,345,0,0,0,0,0,0,0,1,0,0,1,0,0,0,0,0,1,0,1,1,0,0,0,0,1,0,1,0,1,0,1,0,0,0,0,0,0,0,0,0,0,0,0,0,0,1,0,0,0,1,2.9962981835,0,0,10.189126272,8.8162974431,8.2373848904,18.579263139,13.013508287,0,4.3167910512,8
2.370038,909732,273,0,0,0,0,0,0,1,1,0,0,0,0,0,0,0,1,0,0,0,1,0,1,0,0,0,0,1,0,1,0,0,0,0,0,0,0,0,0,0,0,0,0,0,0,0,0,0,0,0,1,2.973266203,0,0,10.857390724,8.2620767107,8.4660243758,21.864805491,10.66951928,0,0.7194869279,3
1.781393,909720,262,0,1,0,0,0,0,0,0,0,0,0,0,1,0,0,0,0,0,0,1,1,1,1,0,0,0,1,0,1,0,1,0,1,1,0,0,0,0,1,1,0,0,0,0,0,0,0,0,0,0,3.0099116771,0,0,9.0894024505,8.2986888893,8.1706134297,17.631371436,12.114078001,0,3.0721582679,5
3.506679,1299061,231,0,0,0,0,0,0,0,0,0,0,0,0,0,0,0,0,0,1,1,1,0,0,1,0,0,0,1,0,1,0,0,0,1,0,0,0,0,0,0,0,0,0,0,0,0,0,5.924603939,0,0,0,3.181275322,0,0,11.527623475,8.7989567731,8.2649243614,19.027614517,10.63934132,0,3.9999377359,7
1.787007,910784,178,0,0,0,0,0,0,1,0,0,0,0,0,0,0,0,0,0,0,0,1,0,1,0,0,0,0,1,0,1,1,1,0,0,0,0,0,0,0,0,1,0,0,0,0,0,0,3.1694195397,0,0,0,2.7731873637,0,0,9.4480264448,8.1521646816,8.3427107252,19.196949072,9.0332286474,0,2.0386997105,1
3.573334,971773,275,0,0,0,0,0,0,0,1,0,0,0,0,0,0,0,1,0,0,0,1,0,1,1,0,0,0,1,0,1,0,0,0,0,1,1,0,0,0,0,1,0,0,0,0,0,0,0,0,0,0,2.9223297099,0,0,8.8816005533,8.4627762221,8.5256898879,18.752996197,9.9208505412,0,3.1365083433,5
2.915096,909732,152,0,0,0,0,0,0,1,1,0,0,0,0,0,0,0,1,0,0,0,1,0,0,0,0,0,0,1,0,1,0,0,0,0,0,1,1,0,0,0,1,0,0,0,0,0,0,0,0,0,1,2.973266203,0,0,10.857390724,8.2620767107,8.4660243758,21.864805491,10.66951928,0,1.6596802722,3
-0.027423,909732,235,0,0,0,0,0,0,0,1,0,0,0,0,0,0,1,0,1,0,1,1,1,0,1,0,0,0,1,0,0,0,1,0,0,1,1,0,0,0,0,0,0,0,0,0,0,0,0,0,0,1,2.973266203,0,0,10.857390724,8.2620767107,8.4660243758,21.864805491,10.66951928,0,0.8772448944,9
1.712449,909754,1060,1,0,0,0,0,0,0,1,0,0,0,0,0,0,0,0,0,0,0,1,0,0,0,0,0,0,1,0,0,1,1,0,0,0,0,0,0,0,1,0,0,0.874992,3.482301125,2,1.249564,4,12.400271453,2,14.35521576,4,3.2239404416,0,0,10.807558704,8.9081237696,9.3022917015,24.001803288,16.699368639,2,3.4596914515,3
2.734282,971773,292,0,0,0,0,0,0,0,1,0,0,0,0,0,0,0,0,1,1,0,1,0,0,0,0,0,0,1,0,1,0,1,0,0,0,0,0,0,0,0,1,0,0,0,0,0,0,0,0,0,0,2.9223297099,0,0,8.8816005533,8.4627762221,8.5256898879,18.752996197,9.9208505412,0,2.5388143877,4
5.259495,925343,329,0,0,0,0,0,0,0,1,0,0,0,0,0,0,0,0,0,1,0,1,0,0,0,0,0,0,1,0,0,1,1,0,1,0,0,0,0,0,0,0,0,0,0,0,0,1,0,0,0,1,2.9962981835,0,0,10.189126272,8.8162974431,8.2373848904,18.579263139,13.013508287,0,3.5439281956,7
3.41527,906999,292,0,0,0,0,0,0,0,1,0,0,0,0,0,0,0,0,1,1,0,1,0,0,0,0,0,0,1,0,1,0,1,0,0,0,0,0,0,0,0,1,0,0.7194,3.6102271394,1,0.7194,1,7.3829576608,1,2.9446837949,1,3.0495934171,0,0,9.9476808172,9.3831420839,8.7083086013,23.755134442,11.830576137,2,2.7190306726,9
4.797872,909732,309,0,0,0,0,0,0,0,0,0,0,0,0,0,0,0,0,0,1,0,1,0,0,1,0,0,0,1,0,1,0,1,0,0,0,0,0,0,0,0,0,0,0,0,0,0,0,0,0,0,1,2.973266203,0,0,10.857390724,8.2620767107,8.4660243758,21.864805491,10.66951928,0,5.3919372807,5
1.098006,909732,64,0,0,0,0,0,0,0,0,0,0,0,0,0,0,0,0,0,1,1,1,0,0,1,0,0,0,1,0,1,0,0,0,0,0,0,0,0,0,1,0,0,0,0,0,0,0,0,0,0,1,2.973266203,0,0,10.857390724,8.2620767107,8.4660243758,21.864805491,10.66951928,0,1.201267378,6
-0.084552,908127,184,0,0,0,0,0,0,0,0,0,0,0,0,0,0,0,0,0,0,0,0,0,0,0,0,0,0,1,0,1,0,0,0,0,0,1,1,0,0,0,1,0,0,0,1,1.27964,1,0,0,0,1,3.0421537126,0,0,10.037693787,8.9938650804,8.3185333971,19.139495065,12.828822864,0,-1.862470005,1
-0.574767,925343,1022,1,0,0,0,0,0,0,0,0,0,0,0,0,0,0,0,0,0,0,1,0,0,1,0,0,0,1,0,1,1,0,0,0,1,0,0,1,0,0,1,0,0,0,0,0,1,0,0,0,1,2.9962981835,0,0,10.189126272,8.8162974431,8.2373848904,18.579263139,13.013508287,0,-0.203470559,5
1.744824,1240215,299,0,0,0,0,0,0,0,0,0,0,0,0,0,0,0,0,0,1,0,1,0,1,0,0,0,0,1,0,1,0,0,0,0,0,1,0,0,0,1,1,0,0,0,0,0,0,6.5996007032,1,0,0,3.0662629843,0,0,9.7897319206,9.5000439039,8.3461885734,18.613933282,12.102026295,0,1.8802683846,2
3.5284427045,909732,1032,1,0,0,0,1,0,0,1,0,0,0,1,0,0,0,0,0,0,0,1,0,0,0,0,0,0,1,0,1,0,1,0,1,0,0,0,0,0,0,0,0,0,0,0,0,0,0,0,0,1,2.973266203,0,0,10.857390724,8.2620767107,8.4660243758,21.864805491,10.66951928,0,3.4935015653,1
3.394576,909720,1052,1,0,0,0,0,0,0,1,0,0,0,0,0,0,1,0,1,0,0,1,0,0,1,0,0,0,1,0,0,0,1,0,0,0,0,0,0,0,0,0,0,0,0,0,0,0,0,0,0,0,3.0099116771,0,0,9.0894024505,8.2986888893,8.1706134297,17.631371436,12.114078001,0,3.3046709141,1
-1.600863,1240215,283,0,0,0,0,0,0,0,1,0,0,0,0,0,0,1,0,1,0,1,1,0,1,1,0,0,0,1,0,0,0,0,0,0,0,1,0,0,0,0,1,0,0,0,0,0,0,6.5996007032,1,0,0,3.0662629843,0,0,9.7897319206,9.5000439039,8.3461885734,18.613933282,12.102026295,0,-1.779091033,9
3.531848,909754,254,0,0,0,1,0,0,0,0,0,0,0,0,0,0,0,1,1,0,0,1,0,0,0,0,0,0,1,0,1,1,0,0,1,0,0,0,0,0,0,1,0,0.874992,3.482301125,2,1.249564,4,12.400271453,2,14.35521576,4,3.2239404416,0,0,10.807558704,8.9081237696,9.3022917015,24.001803288,16.699368639,2,4.3256254616,5
1.552446,925343,299,0,0,0,0,0,0,0,0,0,0,0,0,0,0,0,0,0,1,0,1,0,1,0,0,0,0,1,0,1,0,0,0,0,0,1,0,0,0,1,1,0,0,0,0,0,1,0,0,0,1,2.9962981835,0,0,10.189126272,8.8162974431,8.2373848904,18.579263139,13.013508287,0,0.9512995379,10
3.048816,909264,222,0,0,0,0,0,0,0,0,0,0,0,0,0,0,0,0,0,0,0,0,0,0,0,0,0,0,1,0,1,0,0,0,0,1,0,0,0,0,0,1,0,0,0,0,0,0,0,0,0,1,2.8489562007,0,0,10.179938953,8.755480529,8.5485372513,19.138951582,10.853599749,0,1.7663756804,6
4.433196,909759,1042,1,0,0,0,0,0,0,1,0,1,1,0,0,0,0,1,1,0,1,1,0,1,0,0,0,0,1,0,1,0,0,0,1,0,1,1,0,0,0,0,0,0,0,0,0,0,0,0,0,0,3.0146730322,0,0,9.237139029,8.4702744104,7.4905298784,18.879786744,11.507563933,0,3.4445083653,10
1.79543,924248,260,0,0,0,0,0,0,0,0,0,1,1,0,0,0,0,0,1,1,1,1,0,1,0,0,0,1,1,0,1,0,1,0,0,0,0,0,0,0,0,1,0,0,0,0,0.770379,0,0,0,4.9079778596,0,2.9762225287,0,0,10.286534739,8.7162113922,8.7121246012,21.756550177,14.591372756,0,2.6979030495,3
3.071248,1240210,1039,1,0,0,0,0,0,0,0,0,1,0,0,0,0,0,0,0,0,0,1,0,1,1,0,0,1,1,0,0,0,1,0,0,0,0,0,0,1,1,0,1,0,0,0,0,0,3.3913998776,0,0,1,2.9949189991,0,0,10.228550361,8.5071086764,8.3609990245,18.427721333,11.096510538,1,3.1675529839,5
-0.607832,909716,157,0,0,0,0,0,0,0,0,0,0,0,0,0,0,0,0,0,0,0,1,0,0,0,0,0,0,1,0,1,0,0,0,1,0,0,0,0,0,0,0,0,0,0,1,0.635086,0,0,0,0,0,3.0394636924,0,0,10.003834798,9.1063448433,9.204390565,21.518247244,10.79405744,0,0.6208061614,1
1.752342,1240210,1219,1,0,0,0,0,1,0,1,0,0,0,0,0,0,0,0,0,0,0,1,0,0,0,0,0,0,1,0,1,0,0,0,0,1,0,0,0,0,0,0,0,0,0,0,0,0,3.3913998776,0,0,1,2.9949189991,0,0,10.228550361,8.5071086764,8.3609990245,18.427721333,11.096510538,1,1.4454823318,9
3.163369,909732,295,0,0,0,0,0,0,0,1,0,0,0,0,0,0,0,0,0,1,0,1,0,0,0,0,0,0,1,0,1,0,1,0,0,0,1,0,0,0,0,0,0,0,0,0,0,0,0,0,0,1,2.973266203,0,0,10.857390724,8.2620767107,8.4660243758,21.864805491,10.66951928,0,3.9568864702,7
2.242404,925343,119,0,0,0,0,0,0,0,1,0,0,0,1,0,0,1,1,1,0,0,1,1,1,1,0,0,0,1,0,1,0,1,0,1,0,0,0,0,0,0,0,0,0,0,0,0,1,0,0,0,1,2.9962981835,0,0,10.189126272,8.8162974431,8.2373848904,18.579263139,13.013508287,0,2.0651323628,6
2.284789,909754,38,0,1,0,0,1,0,1,1,0,1,0,0,0,0,0,0,0,0,0,1,0,1,0,0,0,0,1,0,1,0,0,0,1,0,0,0,0,0,0,1,0,0.874992,3.482301125,2,1.249564,4,12.400271453,2,14.35521576,4,3.2239404416,0,2,10.807558704,8.9081237696,9.3022917015,24.001803288,16.699368639,2,1.360222714,1
0.384239,1240166,302,0,0,0,0,0,0,0,0,0,0,0,0,0,0,0,0,0,0,0,1,0,0,0,0,0,0,1,0,1,1,1,0,1,1,0,0,0,0,1,0,0,0,0,0,0,1,0,0,2.7966849473,0,3.0238717604,0,0,11.482168397,10.167713696,8.8557395336,20.400662619,11.724299341,0,0.9200514942,7
2.475542,1240166,158,0,0,0,0,0,0,0,1,0,0,0,0,0,0,0,0,0,0,0,1,1,0,0,0,0,0,1,0,1,0,0,0,0,0,0,0,0,0,0,0,0,0,0,0,0,1,0,0,2.7966849473,0,3.0238717604,0,0,11.482168397,10.167713696,8.8557395336,20.400662619,11.724299341,0,0.9387895558,2
5.327043,909754,29,0,0,0,0,0,0,0,1,0,0,0,0,0,0,1,0,1,0,1,1,0,0,1,0,0,0,1,1,1,1,1,0,0,1,0,0,0,0,0,0,0,0.874992,3.482301125,2,1.249564,4,12.400271453,2,14.35521576,4,3.2239404416,0,0,10.807558704,8.9081237696,9.3022917015,24.001803288,16.699368639,2,5.4356555946,3
6.24832,909754,1129,1,0,1,0,0,0,0,0,0,0,0,0,0,0,0,0,1,0,0,1,0,0,0,0,0,0,1,0,1,0,0,0,0,0,0,0,0,0,0,1,0,0.874992,3.482301125,2,1.249564,4,12.400271453,2,14.35521576,4,3.2239404416,0,0,10.807558704,8.9081237696,9.3022917015,24.001803288,16.699368639,2,5.3660223316,4
1.500847,1240210,1050,1,0,0,0,0,0,1,1,0,0,0,0,0,0,0,1,0,0,0,1,0,0,0,0,0,0,1,0,1,0,1,0,1,0,0,0,0,0,0,0,0,0,0,0,0,0,3.3913998776,0,0,1,2.9949189991,0,0,10.228550361,8.5071086764,8.3609990245,18.427721333,11.096510538,1,1.9031684072,7
3.097977,909754,155,0,0,0,0,0,0,0,0,0,0,1,0,0,0,1,0,1,1,1,1,0,0,1,0,0,0,1,0,1,0,1,0,0,0,1,0,0,0,0,1,0,0.874992,3.482301125,2,1.249564,4,12.400271453,2,14.35521576,4,3.2239404416,0,0,10.807558704,8.9081237696,9.3022917015,24.001803288,16.699368639,2,3.226178684,4
4.332905,909732,199,0,0,0,0,0,0,0,1,1,0,0,0,0,0,0,0,1,0,0,1,0,0,0,0,0,0,1,0,1,0,0,0,0,0,1,0,1,0,0,0,0,0,0,0,0,0,0,0,0,1,2.973266203,0,0,10.857390724,8.2620767107,8.4660243758,21.864805491,10.66951928,0,3.6647069101,7
-0.56823,909759,1059,1,0,0,0,0,0,0,0,0,1,0,0,0,0,1,0,0,0,0,1,0,1,1,0,0,0,1,0,1,0,0,0,1,0,0,0,0,0,1,0,0,0,0,0,0,0,0,0,0,0,3.0146730322,0,0,9.237139029,8.4702744104,7.4905298784,18.879786744,11.507563933,0,0.3552120725,8
2.14873,909759,177,0,0,0,0,0,0,0,0,0,0,1,0,0,0,1,0,0,1,1,1,0,1,1,0,0,0,1,0,1,0,1,0,0,0,0,0,0,0,1,0,0,0,0,0,0,0,0,0,0,0,3.0146730322,0,0,9.237139029,8.4702744104,7.4905298784,18.879786744,11.507563933,0,2.3573252114,9
-1.840244,971773,1024,1,0,1,0,0,0,0,1,0,0,1,0,0,0,1,0,1,1,1,1,1,0,1,0,0,0,1,0,0,0,0,0,1,1,0,0,0,0,1,1,0,0,0,0,0,0,0,0,0,0,2.9223297099,0,0,8.8816005533,8.4627762221,8.5256898879,18.752996197,9.9208505412,0,-1.371653151,1
1.439447,906999,219,0,0,0,0,0,0,0,0,0,0,0,0,0,0,0,0,0,0,0,1,0,0,0,0,0,0,1,0,0,1,0,1,0,1,1,0,0,0,0,1,0,0.7194,3.6102271394,1,0.7194,1,7.3829576608,1,2.9446837949,1,3.0495934171,0,0,9.9476808172,9.3831420839,8.7083086013,23.755134442,11.830576137,2,2.3776956874,5
-0.718715,909720,157,0,0,0,0,0,0,0,0,0,0,0,0,0,0,0,0,0,0,0,1,0,0,0,0,0,0,1,0,1,0,0,0,1,0,0,0,0,0,0,0,0,0,0,0,0,0,0,0,0,0,3.0099116771,0,0,9.0894024505,8.2986888893,8.1706134297,17.631371436,12.114078001,0,-1.803640144,1
-2.187432,909732,283,0,0,0,0,0,0,0,1,0,0,0,0,0,0,1,0,1,0,1,1,0,1,1,0,0,0,1,0,0,0,0,0,0,0,1,0,0,0,0,1,0,0,0,0,0,0,0,0,0,1,2.973266203,0,0,10.857390724,8.2620767107,8.4660243758,21.864805491,10.66951928,0,-2.401689617,5
3.335331,971773,263,0,0,0,0,0,0,0,0,0,0,0,0,0,0,0,0,0,0,0,1,0,0,1,0,0,0,1,0,0,0,0,0,0,0,1,1,0,0,0,0,0,0,0,0,0,0,0,0,0,0,2.9223297099,0,0,8.8816005533,8.4627762221,8.5256898879,18.752996197,9.9208505412,0,5.350088952,10
2.632443,924248,282,0,0,0,0,1,0,0,1,0,0,0,1,0,0,0,0,0,0,0,1,0,1,1,0,0,0,1,1,0,0,1,0,1,0,0,0,0,0,0,0,0,0,0,0,0.770379,0,0,0,4.9079778596,0,2.9762225287,0,0,10.286534739,8.7162113922,8.7121246012,21.756550177,14.591372756,0,2.7974257038,6
-0.132895,1240215,312,0,1,0,0,0,0,1,1,0,0,0,0,0,0,0,1,0,0,0,1,0,1,0,0,0,0,1,0,1,1,0,0,0,0,0,0,0,0,0,0,0,0,0,0,0,0,6.5996007032,1,0,0,3.0662629843,0,0,9.7897319206,9.5000439039,8.3461885734,18.613933282,12.102026295,0,-0.448153124,9
0.217464,908127,1161,1,0,0,0,0,0,0,0,0,0,0,0,0,0,0,0,1,0,0,1,1,0,0,0,0,0,1,0,1,0,1,0,0,0,0,0,0,0,0,0,0,0,0,1,1.27964,1,0,0,0,1,3.0421537126,0,0,10.037693787,8.9938650804,8.3185333971,19.139495065,12.828822864,0,0.9115045587,7
2.581817,906999,185,0,0,0,0,0,0,0,1,0,0,0,0,0,0,0,0,0,1,0,1,0,0,1,0,0,0,1,0,1,0,0,0,0,0,0,0,0,0,1,1,0,0.7194,3.6102271394,1,0.7194,1,7.3829576608,1,2.9446837949,1,3.0495934171,0,0,9.9476808172,9.3831420839,8.7083086013,23.755134442,11.830576137,2,2.4155490292,5
2.706793,924248,35,0,0,0,1,1,0,0,0,0,0,0,0,0,0,0,0,0,0,0,0,0,0,0,0,0,0,1,0,1,0,0,0,1,0,0,0,0,0,0,1,0,0,0,0,0.770379,0,0,0,4.9079778596,0,2.9762225287,0,0,10.286534739,8.7162113922,8.7121246012,21.756550177,14.591372756,0,2.0558913267,3
1.464978,971773,1019,1,1,0,0,0,0,1,1,0,0,0,0,0,0,0,1,0,0,0,1,0,1,1,0,0,0,1,1,0,0,0,0,0,0,0,0,0,0,0,1,0,0,0,0,0,0,0,0,0,0,2.9223297099,0,0,8.8816005533,8.4627762221,8.5256898879,18.752996197,9.9208505412,0,1.1113757916,2
4.520971,909754,1049,1,0,0,0,0,0,0,0,0,0,0,0,0,0,0,0,0,0,1,1,0,1,1,0,0,0,1,0,1,0,0,0,0,0,0,0,0,0,0,0,0,0.874992,3.482301125,2,1.249564,4,12.400271453,2,14.35521576,4,3.2239404416,0,0,10.807558704,8.9081237696,9.3022917015,24.001803288,16.699368639,2,2.8118792384,3
-2.279459,910784,153,0,0,1,0,0,0,0,1,0,0,1,0,0,0,1,0,1,1,1,1,1,0,1,0,0,0,1,0,0,0,1,0,1,1,0,0,0,0,0,1,0,0,0,0,0,0,3.1694195397,0,0,0,2.7731873637,0,0,9.4480264448,8.1521646816,8.3427107252,19.196949072,9.0332286474,0,-1.173262271,1
0.870194,908127,1021,1,0,0,0,0,0,0,1,1,0,0,0,0,0,0,0,0,0,0,1,0,0,0,0,0,0,1,0,0,0,1,0,0,1,1,0,1,0,0,0,0,0,0,1,1.27964,1,0,0,0,1,3.0421537126,0,0,10.037693787,8.9938650804,8.3185333971,19.139495065,12.828822864,0,0.6711759691,10
3.937876,909732,281,0,0,0,0,0,0,0,1,0,0,1,0,0,0,1,0,1,1,1,1,1,0,1,0,0,0,1,1,0,1,1,0,1,0,0,0,0,0,0,0,0,0,0,0,0,0,0,0,0,1,2.973266203,0,0,10.857390724,8.2620767107,8.4660243758,21.864805491,10.66951928,0,4.0591497792,10
2.527488,909264,287,0,0,1,0,0,0,0,0,0,0,0,0,0,0,0,1,0,0,0,1,0,1,0,0,0,0,1,0,1,1,1,0,1,1,0,0,0,0,0,1,1,0,0,0,0,0,0,0,0,1,2.8489562007,0,0,10.179938953,8.755480529,8.5485372513,19.138951582,10.853599749,0,2.8177678702,1
2.867732,925343,260,0,0,0,0,0,0,0,0,0,1,1,0,0,0,0,0,1,1,1,1,0,1,0,0,0,1,1,0,1,0,1,0,0,0,0,0,0,0,0,1,0,0,0,0,0,1,0,0,0,1,2.9962981835,0,0,10.189126272,8.8162974431,8.2373848904,18.579263139,13.013508287,0,4.1623091525,3
-0.810837,907298,1372,1,0,0,0,0,0,0,0,0,0,0,0,0,0,0,0,0,0,0,0,0,0,0,1,0,0,1,0,1,1,0,0,0,1,0,0,0,0,0,0,0,0,0,0,0,0,0,0,0,0,2.976818149,0,0,11.151804899,8.4640050836,8.4112568406,19.341029083,9.6827849299,0,-2.184129193,4
5.041823,909716,260,0,0,0,0,0,0,0,0,0,1,1,0,0,0,0,0,1,1,1,1,0,1,0,0,0,1,1,0,1,0,1,0,0,0,0,0,0,0,0,1,0,0,0,1,0.635086,0,0,0,0,0,3.0394636924,0,0,10.003834798,9.1063448433,9.204390565,21.518247244,10.79405744,0,4.0993407879,7
4.184345,925343,294,0,0,0,1,1,0,0,0,0,0,0,0,0,0,0,0,0,0,0,1,0,0,0,0,0,0,1,0,1,0,0,0,1,0,0,0,0,0,1,0,0,0,0,0,0,1,0,0,0,1,2.9962981835,0,0,10.189126272,8.8162974431,8.2373848904,18.579263139,13.013508287,0,4.2925065169,7
3.917146,1299061,1042,1,0,0,0,0,0,0,1,0,1,1,0,0,0,0,1,1,0,1,1,0,1,0,0,0,0,1,0,1,0,0,0,1,0,1,1,0,0,0,0,0,0,0,0,0,0,5.924603939,0,0,0,3.181275322,0,0,11.527623475,8.7989567731,8.2649243614,19.027614517,10.63934132,0,3.4033064557,9
1.423086,907298,295,0,0,0,0,0,0,0,1,0,0,0,0,0,0,0,0,0,1,0,1,0,0,0,0,0,0,1,0,1,0,1,0,0,0,1,0,0,0,0,0,0,0,0,0,0,0,0,0,0,0,2.976818149,0,0,11.151804899,8.4640050836,8.4112568406,19.341029083,9.6827849299,0,1.201152684,3
1.074039,971773,1046,1,0,0,0,0,0,0,1,0,0,1,0,0,0,1,1,1,1,1,1,1,1,1,0,1,0,1,0,0,0,0,0,0,0,0,0,0,0,1,0,0,0,0,0,0,0,0,0,0,0,2.9223297099,0,0,8.8816005533,8.4627762221,8.5256898879,18.752996197,9.9208505412,0,1.2970188276,1
4.567608,925343,330,0,0,0,0,0,0,0,1,0,0,0,0,0,0,1,0,0,1,1,1,0,0,1,0,0,0,1,0,0,0,1,0,0,1,1,1,0,0,0,0,0,0,0,0,0,1,0,0,0,1,2.9962981835,0,0,10.189126272,8.8162974431,8.2373848904,18.579263139,13.013508287,0,2.9956933233,1
5.496688,909754,54,0,0,0,0,0,0,0,1,0,0,0,0,0,0,0,1,0,0,0,1,0,0,0,0,0,0,1,0,1,0,0,0,0,0,0,0,0,0,1,0,0,0.874992,3.482301125,2,1.249564,4,12.400271453,2,14.35521576,4,3.2239404416,0,0,10.807558704,8.9081237696,9.3022917015,24.001803288,16.699368639,2,6.501837511,2
2.724346,924248,167,0,0,0,0,0,0,0,0,0,0,1,0,0,0,1,0,0,1,1,1,0,0,1,0,0,0,1,0,0,0,0,0,0,0,1,0,0,0,0,1,0,0,0,0,0.770379,0,0,0,4.9079778596,0,2.9762225287,0,0,10.286534739,8.7162113922,8.7121246012,21.756550177,14.591372756,0,2.3175935621,10
2.83493,1299061,1143,1,0,0,1,1,0,0,0,0,0,0,0,0,0,0,0,0,0,0,1,0,0,0,0,0,0,1,0,1,0,0,0,1,0,0,0,0,0,0,0,0,0,0,0,0,0,5.924603939,0,0,0,3.181275322,0,0,11.527623475,8.7989567731,8.2649243614,19.027614517,10.63934132,0,2.9034784658,6
4.452384,1240166,305,0,0,0,0,0,0,0,0,0,0,0,0,0,0,0,0,0,0,0,1,0,0,1,0,0,0,1,0,1,1,1,0,0,0,0,0,0,0,0,0,0,0,0,0,0,1,0,0,2.7966849473,0,3.0238717604,0,0,11.482168397,10.167713696,8.8557395336,20.400662619,11.724299341,0,4.0046239837,6
0.686166,909264,159,0,0,0,0,0,0,0,0,0,0,1,0,0,0,1,0,1,1,1,1,0,0,1,0,0,0,1,0,1,0,1,0,0,0,0,0,0,0,0,1,0,0,0,0,0,0,0,0,0,1,2.8489562007,0,0,10.179938953,8.755480529,8.5485372513,19.138951582,10.853599749,0,0.7531138026,3
-2.956605,910784,312,0,1,0,0,0,0,1,1,0,0,0,0,0,0,0,1,0,0,0,1,0,1,0,0,0,0,1,0,1,1,0,0,0,0,0,0,0,0,0,0,0,0,0,0,0,0,3.1694195397,0,0,0,2.7731873637,0,0,9.4480264448,8.1521646816,8.3427107252,19.196949072,9.0332286474,0,-1.269711991,10
-1.186433,971773,157,0,0,0,0,0,0,0,0,0,0,0,0,0,0,0,0,0,0,0,1,0,0,0,0,0,0,1,0,1,0,0,0,1,0,0,0,0,0,0,0,0,0,0,0,0,0,0,0,0,0,2.9223297099,0,0,8.8816005533,8.4627762221,8.5256898879,18.752996197,9.9208505412,0,-0.396465253,8
0.196352,1240166,153,0,0,1,0,0,0,0,1,0,0,1,0,0,0,1,0,1,1,1,1,1,0,1,0,0,0,1,0,0,0,1,0,1,1,0,0,0,0,0,1,0,0,0,0,0,1,0,0,2.7966849473,0,3.0238717604,0,0,11.482168397,10.167713696,8.8557395336,20.400662619,11.724299341,0,-1.018582595,1
-4.281606,909759,51,0,1,0,0,0,0,0,1,0,0,0,0,1,0,0,0,0,0,0,1,0,0,0,0,0,0,1,0,1,1,1,0,1,0,0,0,0,0,0,1,0,0,0,0,0,0,0,0,0,0,3.0146730322,0,0,9.237139029,8.4702744104,7.4905298784,18.879786744,11.507563933,0,-0.636424442,9
4.460332,910784,288,0,0,0,0,0,0,1,1,0,0,0,0,0,0,0,1,0,0,0,1,0,0,0,0,0,0,1,0,1,0,0,0,0,0,0,0,0,0,1,0,0,0,0,0,0,0,3.1694195397,0,0,0,2.7731873637,0,0,9.4480264448,8.1521646816,8.3427107252,19.196949072,9.0332286474,0,4.3176552365,9
2.682304,971773,1028,1,0,0,0,0,0,0,0,0,0,0,0,0,0,0,0,0,0,0,1,0,0,1,0,0,0,1,0,1,1,1,0,0,0,0,0,0,0,0,0,0,0,0,0,0,0,0,0,0,0,2.9223297099,0,0,8.8816005533,8.4627762221,8.5256898879,18.752996197,9.9208505412,0,2.8206995175,7
2.036983,907298,1219,1,0,0,0,0,1,0,1,0,0,0,0,0,0,0,0,0,0,0,1,0,0,0,0,0,0,1,0,1,0,0,0,0,1,0,0,0,0,0,0,0,0,0,0,0,0,0,0,0,0,2.976818149,0,0,11.151804899,8.4640050836,8.4112568406,19.341029083,9.6827849299,0,2.2004896972,10
-0.785799,909756,55,0,0,0,0,1,0,0,1,0,0,0,0,0,0,0,0,1,0,0,1,1,1,1,0,0,0,1,0,1,0,1,0,1,1,1,0,0,0,0,1,0,0,0,0,0,0,0,0,0,0,2.8475138,0,0,9.933029521,9.3930114186,8.4369559448,20.367287435,12.196426895,0,0.3256756424,9
-2.703104,909720,1060,1,0,0,0,0,0,0,1,0,0,0,0,0,0,0,0,0,0,0,1,0,0,0,0,0,0,1,0,0,1,1,0,0,0,0,0,0,0,1,0,0,0,0,0,0,0,0,0,0,0,3.0099116771,0,0,9.0894024505,8.2986888893,8.1706134297,17.631371436,12.114078001,0,-2.630731521,2
4.668855,909754,1013,1,0,0,0,0,0,0,1,0,0,0,0,0,0,0,0,0,1,0,1,0,0,0,0,0,0,1,0,1,0,1,0,0,0,0,0,0,0,0,1,0,0.874992,3.482301125,2,1.249564,4,12.400271453,2,14.35521576,4,3.2239404416,0,0,10.807558704,8.9081237696,9.3022917015,24.001803288,16.699368639,2,5.2126218561,4
4.925907,909759,255,0,0,0,0,0,0,0,1,0,1,0,0,0,0,1,1,1,0,0,1,0,1,1,0,0,0,1,0,1,0,0,0,1,1,0,0,0,0,0,0,0,0,0,0,0,0,0,0,0,0,3.0146730322,0,0,9.237139029,8.4702744104,7.4905298784,18.879786744,11.507563933,0,4.1428067553,3
-3.206747,909756,1242,1,0,0,0,0,0,0,0,0,1,1,0,0,0,0,0,0,0,1,1,0,1,0,0,0,0,1,0,0,0,1,0,0,0,0,0,0,1,1,0,0,0,0,0,0,0,0,0,0,0,2.8475138,0,0,9.933029521,9.3930114186,8.4369559448,20.367287435,12.196426895,0,-2.105266116,8
0.551236,924248,308,0,0,0,0,0,0,1,1,0,0,0,0,0,0,0,1,0,0,0,1,0,1,0,0,0,0,1,0,0,0,0,0,1,0,0,0,0,0,0,0,1,0,0,0,0.770379,0,0,0,4.9079778596,0,2.9762225287,0,0,10.286534739,8.7162113922,8.7121246012,21.756550177,14.591372756,0,0.7325054455,4
2.202993,1240210,301,0,0,0,0,0,0,0,0,0,0,0,0,0,0,0,0,0,0,0,1,0,0,0,0,0,0,0,0,0,0,0,0,0,1,1,1,0,0,0,1,0,0,0,0,0,0,3.3913998776,0,0,1,2.9949189991,0,0,10.228550361,8.5071086764,8.3609990245,18.427721333,11.096510538,1,1.8379760056,8
2.970969,909759,1194,1,0,0,0,0,0,1,0,0,0,0,0,0,0,0,0,0,0,0,1,0,1,1,0,0,0,1,0,1,0,0,0,0,0,0,0,0,0,0,1,0,0,0,0,0,0,0,0,0,0,3.0146730322,0,0,9.237139029,8.4702744104,7.4905298784,18.879786744,11.507563933,0,4.2034312906,2
1.9994796902,909754,1014,1,0,1,0,1,0,0,0,0,0,0,0,0,0,0,0,0,0,0,0,0,0,0,0,0,0,1,0,0,0,0,0,0,0,0,0,0,0,1,1,0,0.874992,3.482301125,2,1.249564,4,12.400271453,2,14.35521576,4,3.2239404416,0,0,10.807558704,8.9081237696,9.3022917015,24.001803288,16.699368639,2,1.9402453687,4
1.806732,907298,1194,1,0,0,0,0,0,1,0,0,0,0,0,0,0,0,0,0,0,0,1,0,1,1,0,0,0,1,0,1,0,0,0,0,0,0,0,0,0,0,1,0,0,0,0,0,0,0,0,0,0,2.976818149,0,0,11.151804899,8.4640050836,8.4112568406,19.341029083,9.6827849299,0,3.5246056534,3
1.466195,909720,5,0,0,0,0,0,0,0,1,0,0,0,0,0,0,0,0,0,0,1,1,0,0,0,0,0,0,1,0,0,1,1,0,0,1,0,0,0,0,0,1,0,0,0,0,0,0,0,0,0,0,3.0099116771,0,0,9.0894024505,8.2986888893,8.1706134297,17.631371436,12.114078001,0,1.9453988984,10
-1.939917,907298,159,0,0,0,0,0,0,0,0,0,0,1,0,0,0,1,0,1,1,1,1,0,0,1,0,0,0,1,0,1,0,1,0,0,0,0,0,0,0,0,1,0,0,0,0,0,0,0,0,0,0,2.976818149,0,0,11.151804899,8.4640050836,8.4112568406,19.341029083,9.6827849299,0,-1.729183527,10
4.225154,909754,1054,1,0,0,0,0,0,0,0,0,0,0,0,0,0,0,0,0,0,1,1,0,0,0,0,0,0,1,0,1,1,0,0,0,1,0,0,0,0,0,1,1,0.874992,3.482301125,2,1.249564,4,12.400271453,2,14.35521576,4,3.2239404416,0,0,10.807558704,8.9081237696,9.3022917015,24.001803288,16.699368639,2,3.5174354488,10
3.42675,908127,1061,1,0,0,0,0,0,0,0,0,0,0,0,0,0,0,0,0,0,0,1,0,0,0,0,0,0,1,0,1,0,0,0,1,0,0,0,0,0,0,1,0,0,0,1,1.27964,1,0,0,0,1,3.0421537126,0,0,10.037693787,8.9938650804,8.3185333971,19.139495065,12.828822864,0,4.1624177697,4
5.122927,1240166,290,0,0,0,0,0,0,0,0,0,0,0,0,0,0,0,0,0,0,0,1,0,0,0,0,0,0,0,1,0,1,1,0,0,0,0,0,0,0,0,0,0,0,0,0,0,1,0,0,2.7966849473,0,3.0238717604,0,0,11.482168397,10.167713696,8.8557395336,20.400662619,11.724299341,0,4.7172766322,9
3.766263,906999,152,0,0,0,0,0,0,1,1,0,0,0,0,0,0,0,1,0,0,0,1,0,0,0,0,0,0,1,0,1,0,0,0,0,0,1,1,0,0,0,1,0,0.7194,3.6102271394,1,0.7194,1,7.3829576608,1,2.9446837949,1,3.0495934171,0,0,9.9476808172,9.3831420839,8.7083086013,23.755134442,11.830576137,2,3.9239027162,6
2.369726,1240215,167,0,0,0,0,0,0,0,0,0,0,1,0,0,0,1,0,0,1,1,1,0,0,1,0,0,0,1,0,0,0,0,0,0,0,1,0,0,0,0,1,0,0,0,0,0,0,6.5996007032,1,0,0,3.0662629843,0,0,9.7897319206,9.5000439039,8.3461885734,18.613933282,12.102026295,0,1.8834750775,1
-1.877639,909716,252,0,0,0,0,0,0,0,0,0,0,0,0,0,0,0,0,0,0,0,0,0,0,0,0,0,0,1,0,1,0,1,0,0,0,0,0,0,0,0,1,0,0,0,1,0.635086,0,0,0,0,0,3.0394636924,0,0,10.003834798,9.1063448433,9.204390565,21.518247244,10.79405744,0,-0.973106814,5
-3.885306,909759,83,0,0,0,0,0,0,0,1,0,0,0,0,0,0,1,0,1,0,1,1,1,0,1,0,0,0,1,0,0,0,1,0,0,1,0,0,0,0,0,1,0,0,0,0,0,0,0,0,0,0,3.0146730322,0,0,9.237139029,8.4702744104,7.4905298784,18.879786744,11.507563933,0,-2.661895807,7
3.662677,1299061,1029,1,0,0,0,0,0,0,1,0,0,0,0,0,0,0,0,1,0,1,1,0,0,1,0,0,0,1,0,1,1,1,0,0,0,0,0,0,0,0,0,0,0,0,0,0,0,5.924603939,0,0,0,3.181275322,0,0,11.527623475,8.7989567731,8.2649243614,19.027614517,10.63934132,0,2.5057907445,3
4.560676,1240215,249,0,0,0,0,0,0,1,1,0,0,0,0,0,0,0,1,0,0,0,1,0,1,0,0,0,0,1,0,0,0,0,0,0,0,0,0,0,0,0,0,1,0,0,0,0,0,6.5996007032,1,0,0,3.0662629843,0,0,9.7897319206,9.5000439039,8.3461885734,18.613933282,12.102026295,0,3.4043168921,5
3.218232,909720,185,0,0,0,0,0,0,0,1,0,0,0,0,0,0,0,0,0,1,0,1,0,0,1,0,0,0,1,0,1,0,0,0,0,0,0,0,0,0,1,1,0,0,0,0,0,0,0,0,0,0,3.0099116771,0,0,9.0894024505,8.2986888893,8.1706134297,17.631371436,12.114078001,0,2.4802733321,4
-0.25872,909732,155,0,0,0,0,0,0,0,0,0,0,1,0,0,0,1,0,1,1,1,1,0,0,1,0,0,0,1,0,1,0,1,0,0,0,1,0,0,0,0,1,0,0,0,0,0,0,0,0,0,1,2.973266203,0,0,10.857390724,8.2620767107,8.4660243758,21.864805491,10.66951928,0,0.1990771184,7
4.111187,924248,221,0,0,0,0,0,0,0,0,0,0,0,0,0,0,1,0,0,0,0,1,0,0,1,0,0,0,1,0,1,0,1,0,0,0,0,0,0,0,0,0,0,0,0,0,0.770379,0,0,0,4.9079778596,0,2.9762225287,0,0,10.286534739,8.7162113922,8.7121246012,21.756550177,14.591372756,0,4.445389982,10
4.480696,1240215,1143,1,0,0,1,1,0,0,0,0,0,0,0,0,0,0,0,0,0,0,1,0,0,0,0,0,0,1,0,1,0,0,0,1,0,0,0,0,0,0,0,0,0,0,0,0,0,6.5996007032,1,0,0,3.0662629843,4.8019166656,0,9.7897319206,9.5000439039,8.3461885734,18.613933282,12.102026295,0,4.2194667959,5
-0.324222,1240210,155,0,0,0,0,0,0,0,0,0,0,1,0,0,0,1,0,1,1,1,1,0,0,1,0,0,0,1,0,1,0,1,0,0,0,1,0,0,0,0,1,0,0,0,0,0,0,3.3913998776,0,0,1,2.9949189991,0,0,10.228550361,8.5071086764,8.3609990245,18.427721333,11.096510538,1,0.3922083122,5
-3.12532,909720,60,0,0,0,0,1,0,0,0,0,0,0,0,0,0,0,0,1,0,0,1,1,0,0,0,0,1,1,0,1,0,1,0,1,1,0,0,0,0,0,1,0,0,0,0,0,0,0,0,0,0,3.0099116771,0,0,9.0894024505,8.2986888893,8.1706134297,17.631371436,12.114078001,0,2.2024278332,1
4.312506,1240210,288,0,0,0,0,0,0,1,1,0,0,0,0,0,0,0,1,0,0,0,1,0,0,0,0,0,0,1,0,1,0,0,0,0,0,0,0,0,0,1,0,0,0,0,0,0,0,3.3913998776,0,0,1,2.9949189991,0,0,10.228550361,8.5071086764,8.3609990245,18.427721333,11.096510538,1,4.3207807107,6
3.151033,909264,203,0,0,1,0,0,0,0,0,0,0,0,0,0,0,0,0,1,0,0,1,0,0,0,0,0,0,1,0,1,0,0,0,0,0,0,0,0,0,0,1,0,0,0,0,0,0,0,0,0,1,2.8489562007,0,0,10.179938953,8.755480529,8.5485372513,19.138951582,10.853599749,0,3.1843549834,3
3.3943,971774,1052,1,0,0,0,0,0,0,1,0,0,0,0,0,0,1,0,1,0,0,1,0,0,1,0,0,0,1,0,0,0,1,0,0,0,0,0,0,0,0,0,0,0.807544,3.165283691,0,0.726215,1,3.4190544056,1,4.2084771202,1,3.0918643898,0,0,11.706620878,9.1123914875,8.9001265462,18.080785351,12.757518026,0,3.7447126339,8
2.418784,909759,202,0,0,0,0,1,0,0,1,0,1,0,0,0,0,1,0,0,0,0,1,1,1,1,0,0,0,1,0,1,0,1,0,1,0,0,0,0,1,0,1,0,0,0,0,0,0,0,0,0,0,3.0146730322,0,0,9.237139029,8.4702744104,7.4905298784,18.879786744,11.507563933,0,1.3103886466,7
2.024032,971773,291,0,1,0,0,0,0,0,1,0,0,0,1,1,0,0,0,0,0,0,1,0,0,1,0,0,0,1,1,0,0,0,0,0,0,0,0,0,0,0,1,0,0,0,0,0,0,0,0,0,0,2.9223297099,0,0,8.8816005533,8.4627762221,8.5256898879,18.752996197,9.9208505412,0,2.0877448274,6
5.219744,909732,231,0,0,0,0,0,0,0,0,0,0,0,0,0,0,0,0,0,1,1,1,0,0,1,0,0,0,1,0,1,0,0,0,1,0,0,0,0,0,0,0,0,0,0,0,0,0,0,0,0,1,2.973266203,0,0,10.857390724,8.2620767107,8.4660243758,21.864805491,10.66951928,0,5.2823909363,9
6.97144,909754,287,0,0,1,0,0,0,0,0,0,0,0,0,0,0,0,1,0,0,0,1,0,1,0,0,0,0,1,0,1,1,1,0,1,1,0,0,0,0,0,1,1,0.874992,3.482301125,2,1.249564,4,12.400271453,2,14.35521576,4,3.2239404416,0,0,10.807558704,8.9081237696,9.3022917015,24.001803288,16.699368639,2,7.2823762362,1
3.811235,909264,293,0,0,0,0,0,0,1,0,0,1,0,0,0,0,0,0,0,0,0,1,0,1,0,0,0,0,1,0,1,1,1,0,1,0,0,0,0,0,0,1,0,0,0,0,0,0,0,0,0,1,2.8489562007,0,0,10.179938953,8.755480529,8.5485372513,19.138951582,10.853599749,0,3.4898232958,6
1.1586883014,925343,1032,1,0,0,0,1,0,0,1,0,0,0,1,0,0,0,0,0,0,0,1,0,0,0,0,0,0,1,0,1,0,1,0,1,0,0,0,0,0,0,0,0,0,0,0,0,1,0,0,0,1,2.9962981835,0,0,10.189126272,8.8162974431,8.2373848904,18.579263139,13.013508287,0,1.6633708337,8
2.380256,924248,203,0,0,1,0,0,0,0,0,0,0,0,0,0,0,0,0,1,0,0,1,0,0,0,0,0,0,1,0,1,0,0,0,0,0,0,0,0,0,0,1,0,0,0,0,0.770379,0,0,0,4.9079778596,0,2.9762225287,0,0,10.286534739,8.7162113922,8.7121246012,21.756550177,14.591372756,0,3.1789358903,4
5.764567,907298,263,0,0,0,0,0,0,0,0,0,0,0,0,0,0,0,0,0,0,0,1,0,0,1,0,0,0,1,0,0,0,0,0,0,0,1,1,0,0,0,0,0,0,0,0,0,0,0,0,0,0,2.976818149,0,0,11.151804899,8.4640050836,8.4112568406,19.341029083,9.6827849299,0,5.3064858852,8
1.274459,906999,202,0,0,0,0,1,0,0,1,0,1,0,0,0,0,1,0,0,0,0,1,1,1,1,0,0,0,1,0,1,0,1,0,1,0,0,0,0,1,0,1,0,0.7194,3.6102271394,1,0.7194,1,7.3829576608,1,2.9446837949,1,3.0495934171,3.165542488,0,9.9476808172,9.3831420839,8.7083086013,23.755134442,11.830576137,2,1.310391012,6
-0.076974,909716,299,0,0,0,0,0,0,0,0,0,0,0,0,0,0,0,0,0,1,0,1,0,1,0,0,0,0,1,0,1,0,0,0,0,0,1,0,0,0,1,1,0,0,0,1,0.635086,0,0,0,0,0,3.0394636924,0,0,10.003834798,9.1063448433,9.204390565,21.518247244,10.79405744,0,0.3811560935,4
2.7503,907298,287,0,0,1,0,0,0,0,0,0,0,0,0,0,0,0,1,0,0,0,1,0,1,0,0,0,0,1,0,1,1,1,0,1,1,0,0,0,0,0,1,1,0,0,0,0,0,0,0,0,0,2.976818149,0,0,11.151804899,8.4640050836,8.4112568406,19.341029083,9.6827849299,0,2.993738369,10
0.373029,971773,32,0,0,0,0,0,0,0,0,0,0,0,0,0,0,0,0,0,0,0,0,0,0,0,0,0,0,1,0,1,0,0,0,0,0,1,1,0,0,0,1,0,0,0,0,0,0,0,0,0,0,2.9223297099,0,0,8.8816005533,8.4627762221,8.5256898879,18.752996197,9.9208505412,0,-0.249896559,10
2.439973,971773,30,0,0,0,0,0,0,0,0,0,0,0,0,0,0,0,1,0,0,0,1,0,0,0,0,0,1,1,0,1,0,1,0,0,1,0,0,0,0,0,1,0,0,0,0,0,0,0,0,0,0,2.9223297099,0,0,8.8816005533,8.4627762221,8.5256898879,18.752996197,9.9208505412,0,2.0324986525,8
1.348204,909720,1219,1,0,0,0,0,1,0,1,0,0,0,0,0,0,0,0,0,0,0,1,0,0,0,0,0,0,1,0,1,0,0,0,0,1,0,0,0,0,0,0,0,0,0,0,0,0,0,0,0,0,3.0099116771,0,0,9.0894024505,8.2986888893,8.1706134297,17.631371436,12.114078001,0,1.9395102528,1
3.808437,909720,293,0,0,0,0,0,0,1,0,0,1,0,0,0,0,0,0,0,0,0,1,0,1,0,0,0,0,1,0,1,1,1,0,1,0,0,0,0,0,0,1,0,0,0,0,0,0,0,0,0,0,3.0099116771,0,0,9.0894024505,8.2986888893,8.1706134297,17.631371436,12.114078001,0,3.230339224,3
1.519009,909732,119,0,0,0,0,0,0,0,1,0,0,0,1,0,0,1,1,1,0,0,1,1,1,1,0,0,0,1,0,1,0,1,0,1,0,0,0,0,0,0,0,0,0,0,0,0,0,0,0,0,1,2.973266203,0,0,10.857390724,8.2620767107,8.4660243758,21.864805491,10.66951928,0,2.0244473577,6
2.3954672108,908127,1014,1,0,1,0,1,0,0,0,0,0,0,0,0,0,0,0,0,0,0,0,0,0,0,0,0,0,1,0,0,0,0,0,0,0,0,0,0,0,1,1,0,0,0,1,1.27964,1,0,0,0,1,3.0421537126,3.360290995,0,10.037693787,8.9938650804,8.3185333971,19.139495065,12.828822864,0,1.3802349398,3
1.677899,924248,158,0,0,0,0,0,0,0,1,0,0,0,0,0,0,0,0,0,0,0,1,1,0,0,0,0,0,1,0,1,0,0,0,0,0,0,0,0,0,0,0,0,0,0,0,0.770379,0,0,0,4.9079778596,0,2.9762225287,0,0,10.286534739,8.7162113922,8.7121246012,21.756550177,14.591372756,0,1.6602395308,4
4.997953,909756,263,0,0,0,0,0,0,0,0,0,0,0,0,0,0,0,0,0,0,0,1,0,0,1,0,0,0,1,0,0,0,0,0,0,0,1,1,0,0,0,0,0,0,0,0,0,0,0,0,0,0,2.8475138,0,0,9.933029521,9.3930114186,8.4369559448,20.367287435,12.196426895,0,4.8694123064,4
3.016813,971773,326,0,0,0,0,0,0,0,0,0,0,0,0,0,0,0,0,0,0,0,0,0,0,0,0,0,0,1,0,1,0,0,0,1,0,0,0,0,0,0,1,0,0,0,0,0,0,0,0,0,0,2.9223297099,0,0,8.8816005533,8.4627762221,8.5256898879,18.752996197,9.9208505412,0,2.3119270439,6
2.179938,925343,219,0,0,0,0,0,0,0,0,0,0,0,0,0,0,0,0,0,0,0,1,0,0,0,0,0,0,1,0,0,1,0,1,0,1,1,0,0,0,0,1,0,0,0,0,0,1,0,0,0,1,2.9962981835,0,0,10.189126272,8.8162974431,8.2373848904,18.579263139,13.013508287,0,1.9422994425,7
2.269095,971773,1021,1,0,0,0,0,0,0,1,1,0,0,0,0,0,0,0,0,0,0,1,0,0,0,0,0,0,1,0,0,0,1,0,0,1,1,0,1,0,0,0,0,0,0,0,0,0,0,0,0,0,2.9223297099,0,0,8.8816005533,8.4627762221,8.5256898879,18.752996197,9.9208505412,0,2.0895307234,2
3.044508,925343,185,0,0,0,0,0,0,0,1,0,0,0,0,0,0,0,0,0,1,0,1,0,0,1,0,0,0,1,0,1,0,0,0,0,0,0,0,0,0,1,1,0,0,0,0,0,1,0,0,0,1,2.9962981835,0,0,10.189126272,8.8162974431,8.2373848904,18.579263139,13.013508287,0,3.4176153492,5
1.77293,1299061,152,0,0,0,0,0,0,1,1,0,0,0,0,0,0,0,1,0,0,0,1,0,0,0,0,0,0,1,0,1,0,0,0,0,0,1,1,0,0,0,1,0,0,0,0,0,0,5.924603939,0,0,0,3.181275322,0,0,11.527623475,8.7989567731,8.2649243614,19.027614517,10.63934132,0,2.5548674295,6
-0.099828,908127,1024,1,0,1,0,0,0,0,1,0,0,1,0,0,0,1,0,1,1,1,1,1,0,1,0,0,0,1,0,0,0,0,0,1,1,0,0,0,0,1,1,0,0,0,1,1.27964,1,0,0,0,1,3.0421537126,0,0,10.037693787,8.9938650804,8.3185333971,19.139495065,12.828822864,0,-1.178137655,3
-0.004893,1299061,1053,1,0,0,0,0,0,0,0,0,0,0,0,0,0,0,0,0,1,1,1,0,0,1,0,0,0,1,0,1,0,0,0,0,1,1,0,0,0,0,0,0,0,0,0,0,0,5.924603939,0,0,0,3.181275322,0,0,11.527623475,8.7989567731,8.2649243614,19.027614517,10.63934132,0,0.7012560612,4
3.331522,906999,1129,1,0,1,0,0,0,0,0,0,0,0,0,0,0,0,0,1,0,0,1,0,0,0,0,0,0,1,0,1,0,0,0,0,0,0,0,0,0,0,1,0,0.7194,3.6102271394,1,0.7194,1,7.3829576608,1,2.9446837949,1,3.0495934171,0,0,9.9476808172,9.3831420839,8.7083086013,23.755134442,11.830576137,2,3.1867675278,6
1.50024,1240215,302,0,0,0,0,0,0,0,0,0,0,0,0,0,0,0,0,0,0,0,1,0,0,0,0,0,0,1,0,1,1,1,0,1,1,0,0,0,0,1,0,0,0,0,0,0,0,6.5996007032,1,0,0,3.0662629843,0,0,9.7897319206,9.5000439039,8.3461885734,18.613933282,12.102026295,0,1.367441382,5
3.369824,909732,1373,1,0,0,0,0,0,0,0,0,0,0,0,0,0,0,0,0,0,0,1,0,0,1,0,0,0,1,0,1,0,0,0,0,0,0,0,0,0,0,0,0,0,0,0,0,0,0,0,0,1,2.973266203,0,0,10.857390724,8.2620767107,8.4660243758,21.864805491,10.66951928,0,3.559786844,3
2.606016,1240210,282,0,0,0,0,1,0,0,1,0,0,0,1,0,0,0,0,0,0,0,1,0,1,1,0,0,0,1,1,0,0,1,0,1,0,0,0,0,0,0,0,0,0,0,0,0,0,3.3913998776,0,0,1,2.9949189991,0,0,10.228550361,8.5071086764,8.3609990245,18.427721333,11.096510538,1,2.4266578231,8
4.292843,909720,59,0,0,0,0,0,0,0,0,0,0,0,0,0,0,0,0,0,0,0,0,0,0,0,0,0,0,1,0,1,0,1,0,0,1,0,0,0,0,0,1,0,0,0,0,0,0,0,0,0,0,3.0099116771,0,0,9.0894024505,8.2986888893,8.1706134297,17.631371436,12.114078001,0,3.2970356536,3
2.68777,909756,1158,1,0,0,0,1,0,0,0,0,0,0,0,0,0,0,0,1,0,0,1,1,0,0,0,0,1,1,0,1,0,1,0,1,1,0,0,0,0,0,1,0,0,0,0,0,0,0,0,0,0,2.8475138,0,0,9.933029521,9.3930114186,8.4369559448,20.367287435,12.196426895,0,2.2221963539,8
4.114437,1240210,255,0,0,0,0,0,0,0,1,0,1,0,0,0,0,1,1,1,0,0,1,0,1,1,0,0,0,1,0,1,0,0,0,1,1,0,0,0,0,0,0,0,0,0,0,0,0,3.3913998776,0,0,1,2.9949189991,0,0,10.228550361,8.5071086764,8.3609990245,18.427721333,11.096510538,1,4.6033834296,10
1.977352,910784,1014,1,0,1,0,1,0,0,0,0,0,0,0,0,0,0,0,0,0,0,0,0,0,0,0,0,0,1,0,0,0,0,0,0,0,0,0,0,0,1,1,0,0,0,0,0,0,3.1694195397,0,0,0,2.7731873637,4.714736251,0,9.4480264448,8.1521646816,8.3427107252,19.196949072,9.0332286474,0,1.9170695092,5
1.351401,909720,1015,1,1,0,0,0,0,0,1,0,0,0,0,0,0,0,0,0,0,0,1,0,0,0,0,0,0,1,0,0,1,1,0,0,0,0,0,0,0,0,0,0,0,0,0,0,0,0,0,0,0,3.0099116771,0,0,9.0894024505,8.2986888893,8.1706134297,17.631371436,12.114078001,0,1.3686702946,7
4.047927,909732,1129,1,0,1,0,0,0,0,0,0,0,0,0,0,0,0,0,1,0,0,1,0,0,0,0,0,0,1,0,1,0,0,0,0,0,0,0,0,0,0,1,0,0,0,0,0,0,0,0,0,1,2.973266203,0,0,10.857390724,8.2620767107,8.4660243758,21.864805491,10.66951928,0,3.1857246929,7
-0.873413,909716,302,0,0,0,0,0,0,0,0,0,0,0,0,0,0,0,0,0,0,0,1,0,0,0,0,0,0,1,0,1,1,1,0,1,1,0,0,0,0,1,0,0,0,0,1,0.635086,0,0,0,0,0,3.0394636924,0,0,10.003834798,9.1063448433,9.204390565,21.518247244,10.79405744,0,0.0182010125,1
2.162657,909756,176,0,0,0,0,0,1,0,0,1,0,1,0,0,1,0,0,0,0,1,1,0,1,0,0,0,0,1,0,0,0,0,0,0,0,0,0,0,0,1,0,0,0,0,0,0,0,0,0,0,0,2.8475138,0,0,9.933029521,9.3930114186,8.4369559448,20.367287435,12.196426895,0,2.8653076701,3
3.881087,1299061,229,0,0,0,0,0,0,0,1,0,0,0,0,0,0,0,0,0,0,1,1,1,0,1,0,0,0,1,0,0,0,0,0,0,0,0,0,0,0,0,1,0,0,0,0,0,0,5.924603939,0,0,0,3.181275322,0,0,11.527623475,8.7989567731,8.2649243614,19.027614517,10.63934132,0,3.4178841031,7
5.713232,909264,221,0,0,0,0,0,0,0,0,0,0,0,0,0,0,1,0,0,0,0,1,0,0,1,0,0,0,1,0,1,0,1,0,0,0,0,0,0,0,0,0,0,0,0,0,0,0,0,0,0,1,2.8489562007,0,0,10.179938953,8.755480529,8.5485372513,19.138951582,10.853599749,0,4.4453611478,9
-1.352738,907298,157,0,0,0,0,0,0,0,0,0,0,0,0,0,0,0,0,0,0,0,1,0,0,0,0,0,0,1,0,1,0,0,0,1,0,0,0,0,0,0,0,0,0,0,0,0,0,0,0,0,0,2.976818149,0,0,11.151804899,8.4640050836,8.4112568406,19.341029083,9.6827849299,0,-1.885095119,7
2.894878,909756,291,0,1,0,0,0,0,0,1,0,0,0,1,1,0,0,0,0,0,0,1,0,0,1,0,0,0,1,1,0,0,0,0,0,0,0,0,0,0,0,1,0,0,0,0,0,0,0,0,0,0,2.8475138,0,0,9.933029521,9.3930114186,8.4369559448,20.367287435,12.196426895,0,2.4364828092,5
1.171537,1299061,235,0,0,0,0,0,0,0,1,0,0,0,0,0,0,1,0,1,0,1,1,1,0,1,0,0,0,1,0,0,0,1,0,0,1,1,0,0,0,0,0,0,0,0,0,0,0,5.924603939,0,0,0,3.181275322,0,0,11.527623475,8.7989567731,8.2649243614,19.027614517,10.63934132,0,0.8766363991,3
2.819532,908127,301,0,0,0,0,0,0,0,0,0,0,0,0,0,0,0,0,0,0,0,1,0,0,0,0,0,0,0,0,0,0,0,0,0,1,1,1,0,0,0,1,0,0,0,1,1.27964,1,0,0,0,1,3.0421537126,0,0,10.037693787,8.9938650804,8.3185333971,19.139495065,12.828822864,0,3.0496732255,5
2.016554,1299061,202,0,0,0,0,1,0,0,1,0,1,0,0,0,0,1,0,0,0,0,1,1,1,1,0,0,0,1,0,1,0,1,0,1,0,0,0,0,1,0,1,0,0,0,0,0,0,5.924603939,0,0,0,3.181275322,0,0,11.527623475,8.7989567731,8.2649243614,19.027614517,10.63934132,0,1.3101581763,10
1.335904,924248,299,0,0,0,0,0,0,0,0,0,0,0,0,0,0,0,0,0,1,0,1,0,1,0,0,0,0,1,0,1,0,0,0,0,0,1,0,0,0,1,1,0,0,0,0,0.770379,0,0,0,4.9079778596,0,2.9762225287,0,0,10.286534739,8.7162113922,8.7121246012,21.756550177,14.591372756,0,0.8652401331,8
2.091701,909716,1050,1,0,0,0,0,0,1,1,0,0,0,0,0,0,0,1,0,0,0,1,0,0,0,0,0,0,1,0,1,0,1,0,1,0,0,0,0,0,0,0,0,0,0,1,0.635086,0,0,0,0,0,3.0394636924,0,0,10.003834798,9.1063448433,9.204390565,21.518247244,10.79405744,0,1.6192192108,5
-0.369232,971773,185,0,0,0,0,0,0,0,1,0,0,0,0,0,0,0,0,0,1,0,1,0,0,1,0,0,0,1,0,1,0,0,0,0,0,0,0,0,0,1,1,0,0,0,0,0,0,0,0,0,0,2.9223297099,0,0,8.8816005533,8.4627762221,8.5256898879,18.752996197,9.9208505412,0,2.1832862006,5
6.057629,909754,256,0,0,0,0,0,0,0,1,0,0,0,0,0,0,1,0,1,0,1,1,1,1,1,0,0,0,1,0,0,0,1,0,0,0,0,0,0,0,0,1,0,0.874992,3.482301125,2,1.249564,4,12.400271453,2,14.35521576,4,3.2239404416,0,0,10.807558704,8.9081237696,9.3022917015,24.001803288,16.699368639,2,3.8166435727,10
5.310828,909716,231,0,0,0,0,0,0,0,0,0,0,0,0,0,0,0,0,0,1,1,1,0,0,1,0,0,0,1,0,1,0,0,0,1,0,0,0,0,0,0,0,0,0,0,1,0.635086,0,0,0,0,0,3.0394636924,0,0,10.003834798,9.1063448433,9.204390565,21.518247244,10.79405744,0,5.1357596352,5
-0.36864,909720,1053,1,0,0,0,0,0,0,0,0,0,0,0,0,0,0,0,0,1,1,1,0,0,1,0,0,0,1,0,1,0,0,0,0,1,1,0,0,0,0,0,0,0,0,0,0,0,0,0,0,0,3.0099116771,0,0,9.0894024505,8.2986888893,8.1706134297,17.631371436,12.114078001,0,0.3719182738,1
5.099866,909754,110,0,0,0,0,0,0,0,0,0,0,0,0,0,0,0,0,0,0,0,1,0,0,0,0,0,0,1,0,1,0,0,0,1,0,0,0,0,0,1,1,0,0.874992,3.482301125,2,1.249564,4,12.400271453,2,14.35521576,4,3.2239404416,0,0,10.807558704,8.9081237696,9.3022917015,24.001803288,16.699368639,2,5.5668115044,5
1.459497,909759,1010,1,0,0,0,0,0,1,1,0,0,0,1,0,0,0,1,0,0,0,1,0,0,0,0,0,0,1,0,1,0,0,0,1,0,0,0,0,0,0,0,0,0,0,0,0,0,0,0,0,0,3.0146730322,0,0,9.237139029,8.4702744104,7.4905298784,18.879786744,11.507563933,0,1.4076181046,1
1.23682,909264,158,0,0,0,0,0,0,0,1,0,0,0,0,0,0,0,0,0,0,0,1,1,0,0,0,0,0,1,0,1,0,0,0,0,0,0,0,0,0,0,0,0,0,0,0,0,0,0,0,0,1,2.8489562007,0,0,10.179938953,8.755480529,8.5485372513,19.138951582,10.853599749,0,0.820552961,3
2.955561,907298,1019,1,1,0,0,0,0,1,1,0,0,0,0,0,0,0,1,0,0,0,1,0,1,1,0,0,0,1,1,0,0,0,0,0,0,0,0,0,0,0,1,0,0,0,0,0,0,0,0,0,0,2.976818149,0,0,11.151804899,8.4640050836,8.4112568406,19.341029083,9.6827849299,0,2.4047963752,2
-0.418317,909716,331,0,0,0,0,0,0,0,1,0,0,0,0,0,0,1,0,1,0,1,1,1,0,1,0,0,0,1,0,0,0,1,0,0,0,1,0,0,0,0,0,0,0,0,1,0.635086,0,0,0,0,0,3.0394636924,0,0,10.003834798,9.1063448433,9.204390565,21.518247244,10.79405744,0,1.243492977,3
1.259409,971773,158,0,0,0,0,0,0,0,1,0,0,0,0,0,0,0,0,0,0,0,1,1,0,0,0,0,0,1,0,1,0,0,0,0,0,0,0,0,0,0,0,0,0,0,0,0,0,0,0,0,0,2.9223297099,0,0,8.8816005533,8.4627762221,8.5256898879,18.752996197,9.9208505412,0,1.9454464448,2
4.934478,906999,230,0,0,0,0,0,0,0,1,0,0,0,0,0,0,0,0,0,1,1,1,0,0,1,1,0,0,1,0,0,1,0,0,0,0,1,0,0,0,0,0,0,0.7194,3.6102271394,1,0.7194,1,7.3829576608,1,2.9446837949,1,3.0495934171,0,0,9.9476808172,9.3831420839,8.7083086013,23.755134442,11.830576137,2,4.8473772532,6
4.566401,909756,230,0,0,0,0,0,0,0,1,0,0,0,0,0,0,0,0,0,1,1,1,0,0,1,1,0,0,1,0,0,1,0,0,0,0,1,0,0,0,0,0,0,0,0,0,0,0,0,0,0,0,2.8475138,0,0,9.933029521,9.3930114186,8.4369559448,20.367287435,12.196426895,0,5.1567145988,10
2.758826,924248,1,0,0,0,0,0,0,1,1,0,0,0,0,0,0,0,1,0,0,0,1,0,0,0,0,0,0,1,0,1,0,0,0,0,0,0,0,0,0,0,0,0,0,0,0,0.770379,0,0,0,4.9079778596,0,2.9762225287,0,0,10.286534739,8.7162113922,8.7121246012,21.756550177,14.591372756,0,3.4320013766,6
-1.752553,909716,1024,1,0,1,0,0,0,0,1,0,0,1,0,0,0,1,0,1,1,1,1,1,0,1,0,0,0,1,0,0,0,0,0,1,1,0,0,0,0,1,1,0,0,0,1,0.635086,0,0,0,0,0,3.0394636924,0,0,10.003834798,9.1063448433,9.204390565,21.518247244,10.79405744,0,-1.256358549,2
2.244724,1240210,1028,1,0,0,0,0,0,0,0,0,0,0,0,0,0,0,0,0,0,0,1,0,0,1,0,0,0,1,0,1,1,1,0,0,0,0,0,0,0,0,0,0,0,0,0,0,0,3.3913998776,0,0,1,2.9949189991,0,0,10.228550361,8.5071086764,8.3609990245,18.427721333,11.096510538,1,1.7585534472,3
4.336066,1240215,345,0,0,0,0,0,0,0,1,0,0,1,0,0,0,0,0,1,0,1,1,0,0,0,0,1,0,1,0,1,0,1,0,0,0,0,0,0,0,0,0,0,0,0,0,0,0,6.5996007032,1,0,0,3.0662629843,0,0,9.7897319206,9.5000439039,8.3461885734,18.613933282,12.102026295,0,4.3168624651,10
6.97144,909754,304,0,0,1,0,0,0,0,0,0,0,0,0,0,0,0,0,1,0,0,1,0,0,1,0,0,0,1,0,1,0,0,0,0,0,0,0,0,0,0,1,0,0.874992,3.482301125,2,1.249564,4,12.400271453,2,14.35521576,4,3.2239404416,0,0,10.807558704,8.9081237696,9.3022917015,24.001803288,16.699368639,2,7.3994309593,5
1.457156,924248,178,0,0,0,0,0,0,1,0,0,0,0,0,0,0,0,0,0,0,0,1,0,1,0,0,0,0,1,0,1,1,1,0,0,0,0,0,0,0,0,1,0,0,0,0,0.770379,0,0,0,4.9079778596,0,2.9762225287,0,0,10.286534739,8.7162113922,8.7121246012,21.756550177,14.591372756,0,2.1731979771,6
3.046047,909264,329,0,0,0,0,0,0,0,1,0,0,0,0,0,0,0,0,0,1,0,1,0,0,0,0,0,0,1,0,0,1,1,0,1,0,0,0,0,0,0,0,0,0,0,0,0,0,0,0,0,1,2.8489562007,0,0,10.179938953,8.755480529,8.5485372513,19.138951582,10.853599749,0,3.5531136712,9
4.643883,907298,192,0,0,0,0,0,0,0,0,0,0,0,0,0,0,0,0,0,0,0,0,0,0,0,0,0,0,1,0,0,0,0,0,0,0,0,0,0,0,0,0,0,0,0,0,0,0,0,0,0,0,2.976818149,0,0,11.151804899,8.4640050836,8.4112568406,19.341029083,9.6827849299,0,4.3068398126,9
3.015266,925343,52,0,0,0,0,0,0,0,0,0,0,0,0,0,0,1,1,0,0,0,1,1,0,1,0,0,0,1,0,1,0,1,0,0,0,0,0,0,0,0,0,0,0,0,0,0,1,0,0,0,1,2.9962981835,0,0,10.189126272,8.8162974431,8.2373848904,18.579263139,13.013508287,0,2.3261916641,9
1.198144,907298,331,0,0,0,0,0,0,0,1,0,0,0,0,0,0,1,0,1,0,1,1,1,0,1,0,0,0,1,0,0,0,1,0,0,0,1,0,0,0,0,0,0,0,0,0,0,0,0,0,0,0,2.976818149,0,0,11.151804899,8.4640050836,8.4112568406,19.341029083,9.6827849299,0,0.882489627,10
4.576347,910784,309,0,0,0,0,0,0,0,0,0,0,0,0,0,0,0,0,0,1,0,1,0,0,1,0,0,0,1,0,1,0,1,0,0,0,0,0,0,0,0,0,0,0,0,0,0,0,3.1694195397,0,0,0,2.7731873637,0,0,9.4480264448,8.1521646816,8.3427107252,19.196949072,9.0332286474,0,4.1224618652,3
1.739756,910784,331,0,0,0,0,0,0,0,1,0,0,0,0,0,0,1,0,1,0,1,1,1,0,1,0,0,0,1,0,0,0,1,0,0,0,1,0,0,0,0,0,0,0,0,0,0,0,3.1694195397,0,0,0,2.7731873637,0,0,9.4480264448,8.1521646816,8.3427107252,19.196949072,9.0332286474,0,0.8953258197,5
5.407441,906999,279,0,0,0,0,0,0,0,1,0,0,0,0,0,0,0,0,0,1,0,1,0,0,1,0,0,0,1,0,0,1,1,0,0,1,0,0,0,0,0,0,0,0.7194,3.6102271394,1,0.7194,1,7.3829576608,1,2.9446837949,1,3.0495934171,0,0,9.9476808172,9.3831420839,8.7083086013,23.755134442,11.830576137,2,6.4145336542,3
4.329094,909754,1,0,0,0,0,0,0,1,1,0,0,0,0,0,0,0,1,0,0,0,1,0,0,0,0,0,0,1,0,1,0,0,0,0,0,0,0,0,0,0,0,0,0.874992,3.482301125,2,1.249564,4,12.400271453,2,14.35521576,4,3.2239404416,0,0,10.807558704,8.9081237696,9.3022917015,24.001803288,16.699368639,2,5.4576515115,5
1.342559,1240166,155,0,0,0,0,0,0,0,0,0,0,1,0,0,0,1,0,1,1,1,1,0,0,1,0,0,0,1,0,1,0,1,0,0,0,1,0,0,0,0,1,0,0,0,0,0,1,0,0,2.7966849473,0,3.0238717604,0,0,11.482168397,10.167713696,8.8557395336,20.400662619,11.724299341,0,1.200672738,5
3.6863703867,971774,1032,1,0,0,0,1,0,0,1,0,0,0,1,0,0,0,0,0,0,0,1,0,0,0,0,0,0,1,0,1,0,1,0,1,0,0,0,0,0,0,0,0,0.807544,3.165283691,0,0.726215,1,3.4190544056,1,4.2084771202,1,3.0918643898,0,0,11.706620878,9.1123914875,8.9001265462,18.080785351,12.757518026,0,3.6039181311,3
2.686246,1240166,1019,1,1,0,0,0,0,1,1,0,0,0,0,0,0,0,1,0,0,0,1,0,1,1,0,0,0,1,1,0,0,0,0,0,0,0,0,0,0,0,1,0,0,0,0,0,1,0,0,2.7966849473,0,3.0238717604,0,0,11.482168397,10.167713696,8.8557395336,20.400662619,11.724299341,0,2.6559667169,6
6.433235,909754,203,0,0,1,0,0,0,0,0,0,0,0,0,0,0,0,0,1,0,0,1,0,0,0,0,0,0,1,0,1,0,0,0,0,0,0,0,0,0,0,1,0,0.874992,3.482301125,2,1.249564,4,12.400271453,2,14.35521576,4,3.2239404416,0,0,10.807558704,8.9081237696,9.3022917015,24.001803288,16.699368639,2,5.3131656447,7
4.738758,906999,253,0,0,0,0,1,0,0,0,0,0,0,0,0,0,0,0,0,0,0,1,0,0,0,0,0,0,1,0,1,1,0,1,1,0,0,0,0,0,0,1,0,0.7194,3.6102271394,1,0.7194,1,7.3829576608,1,2.9446837949,1,3.0495934171,3.165542488,0,9.9476808172,9.3831420839,8.7083086013,23.755134442,11.830576137,2,4.7677121346,1
3.573032,909716,1042,1,0,0,0,0,0,0,1,0,1,1,0,0,0,0,1,1,0,1,1,0,1,0,0,0,0,1,0,1,0,0,0,1,0,1,1,0,0,0,0,0,0,0,1,0.635086,0,0,0,0,0,3.0394636924,0,0,10.003834798,9.1063448433,9.204390565,21.518247244,10.79405744,0,4.1704982211,9
2.723817,909732,185,0,0,0,0,0,0,0,1,0,0,0,0,0,0,0,0,0,1,0,1,0,0,1,0,0,0,1,0,1,0,0,0,0,0,0,0,0,0,1,1,0,0,0,0,0,0,0,0,0,1,2.973266203,0,0,10.857390724,8.2620767107,8.4660243758,21.864805491,10.66951928,0,3.2201002961,4
6.97144,909754,263,0,0,0,0,0,0,0,0,0,0,0,0,0,0,0,0,0,0,0,1,0,0,1,0,0,0,1,0,0,0,0,0,0,0,1,1,0,0,0,0,0,0.874992,3.482301125,2,1.249564,4,12.400271453,2,14.35521576,4,3.2239404416,0,0,10.807558704,8.9081237696,9.3022917015,24.001803288,16.699368639,2,6.7259621817,3
3.934985,909732,206,0,0,0,0,0,0,0,0,0,0,0,0,0,0,0,0,0,0,0,1,0,0,0,0,0,0,1,1,1,0,0,0,0,0,1,0,0,0,0,0,0,0,0,0,0,0,0,0,0,1,2.973266203,0,0,10.857390724,8.2620767107,8.4660243758,21.864805491,10.66951928,0,4.5530101655,9
1.419753,925343,37,0,0,0,0,0,0,0,0,0,0,0,0,0,0,0,0,0,0,1,1,0,1,0,0,0,0,1,0,1,0,0,0,1,0,1,0,0,0,0,0,0,0,0,0,0,1,0,0,0,1,2.9962981835,0,0,10.189126272,8.8162974431,8.2373848904,18.579263139,13.013508287,0,0.1667761308,1
5.015634,906999,203,0,0,1,0,0,0,0,0,0,0,0,0,0,0,0,0,1,0,0,1,0,0,0,0,0,0,1,0,1,0,0,0,0,0,0,0,0,0,0,1,0,0.7194,3.6102271394,1,0.7194,1,7.3829576608,1,2.9446837949,1,3.0495934171,0,0,9.9476808172,9.3831420839,8.7083086013,23.755134442,11.830576137,2,3.1728301412,3
1.194403,909720,226,0,0,0,0,0,0,0,0,0,0,0,0,0,0,1,0,1,0,1,1,0,0,1,0,0,0,1,0,1,0,0,0,0,1,1,0,0,0,0,0,0,0,0,0,0,0,0,0,0,0,3.0099116771,0,0,9.0894024505,8.2986888893,8.1706134297,17.631371436,12.114078001,0,-0.375140391,9
-3.186809,924248,53,0,0,0,0,0,0,0,0,0,0,0,1,0,0,0,0,0,0,0,1,0,0,0,0,0,0,1,0,1,0,0,0,0,0,0,0,0,0,1,0,0,0,0,0,0.770379,0,0,0,4.9079778596,0,2.9762225287,0,0,10.286534739,8.7162113922,8.7121246012,21.756550177,14.591372756,0,-1.910400488,2
-0.153609,909264,235,0,0,0,0,0,0,0,1,0,0,0,0,0,0,1,0,1,0,1,1,1,0,1,0,0,0,1,0,0,0,1,0,0,1,1,0,0,0,0,0,0,0,0,0,0,0,0,0,0,1,2.8489562007,0,0,10.179938953,8.755480529,8.5485372513,19.138951582,10.853599749,0,0.8770270973,1
-4.046853,1240210,1057,1,0,0,0,0,0,0,1,0,0,0,0,0,0,1,0,1,0,1,1,0,0,1,0,0,0,1,1,1,0,0,0,0,1,0,0,0,0,0,1,0,0,0,0,0,0,3.3913998776,0,0,1,2.9949189991,0,0,10.228550361,8.5071086764,8.3609990245,18.427721333,11.096510538,1,-3.475034625,6
1.132531,909732,308,0,0,0,0,0,0,1,1,0,0,0,0,0,0,0,1,0,0,0,1,0,1,0,0,0,0,1,0,0,0,0,0,1,0,0,0,0,0,0,0,1,0,0,0,0,0,0,0,0,1,2.973266203,0,0,10.857390724,8.2620767107,8.4660243758,21.864805491,10.66951928,0,1.7306021071,2
4.168495,910784,293,0,0,0,0,0,0,1,0,0,1,0,0,0,0,0,0,0,0,0,1,0,1,0,0,0,0,1,0,1,1,1,0,1,0,0,0,0,0,0,1,0,0,0,0,0,0,3.1694195397,0,0,0,2.7731873637,0,0,9.4480264448,8.1521646816,8.3427107252,19.196949072,9.0332286474,0,3.3206768626,10
0.267856,909264,262,0,1,0,0,0,0,0,0,0,0,0,0,1,0,0,0,0,0,0,1,1,1,1,0,0,0,1,0,1,0,1,0,1,1,0,0,0,0,1,1,0,0,0,0,0,0,0,0,0,1,2.8489562007,0,0,10.179938953,8.755480529,8.5485372513,19.138951582,10.853599749,0,3.0784896846,7
4.685007,909716,253,0,0,0,0,1,0,0,0,0,0,0,0,0,0,0,0,0,0,0,1,0,0,0,0,0,0,1,0,1,1,0,1,1,0,0,0,0,0,0,1,0,0,0,1,0.635086,0,0,0,0,0,3.0394636924,0,0,10.003834798,9.1063448433,9.204390565,21.518247244,10.79405744,0,4.3441219234,2
0.660902,909716,1372,1,0,0,0,0,0,0,0,0,0,0,0,0,0,0,0,0,0,0,0,0,0,0,1,0,0,1,0,1,1,0,0,0,1,0,0,0,0,0,0,0,0,0,1,0.635086,0,0,0,0,0,3.0394636924,0,0,10.003834798,9.1063448433,9.204390565,21.518247244,10.79405744,0,0.4877386226,10
-1.106067,909720,1022,1,0,0,0,0,0,0,0,0,0,0,0,0,0,0,0,0,0,0,1,0,0,1,0,0,0,1,0,1,1,0,0,0,1,0,0,1,0,0,1,0,0,0,0,0,0,0,0,0,0,3.0099116771,0,0,9.0894024505,8.2986888893,8.1706134297,17.631371436,12.114078001,0,-0.86633111,9
2.374411,925343,1028,1,0,0,0,0,0,0,0,0,0,0,0,0,0,0,0,0,0,0,1,0,0,1,0,0,0,1,0,1,1,1,0,0,0,0,0,0,0,0,0,0,0,0,0,0,1,0,0,0,1,2.9962981835,0,0,10.189126272,8.8162974431,8.2373848904,18.579263139,13.013508287,0,2.212825414,7
4.41594,909759,326,0,0,0,0,0,0,0,0,0,0,0,0,0,0,0,0,0,0,0,0,0,0,0,0,0,0,1,0,1,0,0,0,1,0,0,0,0,0,0,1,0,0,0,0,0,0,0,0,0,0,3.0146730322,0,0,9.237139029,8.4702744104,7.4905298784,18.879786744,11.507563933,0,4.3118749948,4
2.84148,909759,52,0,0,0,0,0,0,0,0,0,0,0,0,0,0,1,1,0,0,0,1,1,0,1,0,0,0,1,0,1,0,1,0,0,0,0,0,0,0,0,0,0,0,0,0,0,0,0,0,0,0,3.0146730322,0,0,9.237139029,8.4702744104,7.4905298784,18.879786744,11.507563933,0,1.1450595378,4
3.746638,1240166,1373,1,0,0,0,0,0,0,0,0,0,0,0,0,0,0,0,0,0,0,1,0,0,1,0,0,0,1,0,1,0,0,0,0,0,0,0,0,0,0,0,0,0,0,0,0,1,0,0,2.7966849473,0,3.0238717604,0,0,11.482168397,10.167713696,8.8557395336,20.400662619,11.724299341,0,3.2131878589,4
-4.636521,909756,1372,1,0,0,0,0,0,0,0,0,0,0,0,0,0,0,0,0,0,0,0,0,0,0,1,0,0,1,0,1,1,0,0,0,1,0,0,0,0,0,0,0,0,0,0,0,0,0,0,0,0,2.8475138,0,0,9.933029521,9.3930114186,8.4369559448,20.367287435,12.196426895,0,-2.103056082,5
1.143552,1240215,184,0,0,0,0,0,0,0,0,0,0,0,0,0,0,0,0,0,0,0,0,0,0,0,0,0,0,1,0,1,0,0,0,0,0,1,1,0,0,0,1,0,0,0,0,0,0,6.5996007032,1,0,0,3.0662629843,0,0,9.7897319206,9.5000439039,8.3461885734,18.613933282,12.102026295,0,0.4133134993,7
4.893341,1299061,221,0,0,0,0,0,0,0,0,0,0,0,0,0,0,1,0,0,0,0,1,0,0,1,0,0,0,1,0,1,0,1,0,0,0,0,0,0,0,0,0,0,0,0,0,0,0,5.924603939,0,0,0,3.181275322,0,0,11.527623475,8.7989567731,8.2649243614,19.027614517,10.63934132,0,4.4599366359,4
2.938707,925343,54,0,0,0,0,0,0,0,1,0,0,0,0,0,0,0,1,0,0,0,1,0,0,0,0,0,0,1,0,1,0,0,0,0,0,0,0,0,0,1,0,0,0,0,0,0,1,0,0,0,1,2.9962981835,0,0,10.189126272,8.8162974431,8.2373848904,18.579263139,13.013508287,0,2.9371797424,10
1.123039,925343,252,0,0,0,0,0,0,0,0,0,0,0,0,0,0,0,0,0,0,0,0,0,0,0,0,0,0,1,0,1,0,1,0,0,0,0,0,0,0,0,1,0,0,0,0,0,1,0,0,0,1,2.9962981835,0,0,10.189126272,8.8162974431,8.2373848904,18.579263139,13.013508287,0,-0.440544429,1
3.849757,1240215,298,0,0,0,0,0,0,0,1,0,0,0,0,0,0,0,1,0,0,1,1,0,0,1,0,0,0,1,0,0,1,0,0,0,0,0,0,1,0,0,0,0,0,0,0,0,0,6.5996007032,1,0,0,3.0662629843,0,0,9.7897319206,9.5000439039,8.3461885734,18.613933282,12.102026295,0,3.658728021,2
4.237634,909264,288,0,0,0,0,0,0,1,1,0,0,0,0,0,0,0,1,0,0,0,1,0,0,0,0,0,0,1,0,1,0,0,0,0,0,0,0,0,0,1,0,0,0,0,0,0,0,0,0,0,1,2.8489562007,0,0,10.179938953,8.755480529,8.5485372513,19.138951582,10.853599749,0,4.3222289982,7
3.522189,925343,34,0,0,0,0,0,0,0,1,0,0,0,0,0,0,0,0,1,1,0,1,0,0,0,0,0,0,1,0,1,0,1,0,0,0,0,0,0,0,0,1,0,0,0,0,0,1,0,0,0,1,2.9962981835,0,0,10.189126272,8.8162974431,8.2373848904,18.579263139,13.013508287,0,4.4666186705,3
3.861537,1240210,298,0,0,0,0,0,0,0,1,0,0,0,0,0,0,0,1,0,0,1,1,0,0,1,0,0,0,1,0,0,1,0,0,0,0,0,0,1,0,0,0,0,0,0,0,0,0,3.3913998776,0,0,1,2.9949189991,0,0,10.228550361,8.5071086764,8.3609990245,18.427721333,11.096510538,1,3.7807758579,3
3.306772,924248,330,0,0,0,0,0,0,0,1,0,0,0,0,0,0,1,0,0,1,1,1,0,0,1,0,0,0,1,0,0,0,1,0,0,1,1,1,0,0,0,0,0,0,0,0,0.770379,0,0,0,4.9079778596,0,2.9762225287,0,0,10.286534739,8.7162113922,8.7121246012,21.756550177,14.591372756,0,3.0972055732,10
0.427668,909754,87,0,0,1,0,0,0,1,0,0,0,1,0,0,0,0,1,0,0,1,1,0,1,0,0,0,0,1,0,1,0,0,0,0,0,0,0,0,1,0,1,0,0.874992,3.482301125,2,1.249564,4,12.400271453,2,14.35521576,4,3.2239404416,0,0,10.807558704,8.9081237696,9.3022917015,24.001803288,16.699368639,2,1.834566387,1
4.383796,908127,257,0,0,0,0,1,0,0,0,0,0,0,0,0,0,0,0,1,0,0,1,1,0,0,0,0,1,1,0,1,0,1,0,1,1,0,0,0,0,0,1,0,0,0,1,1.27964,1,0,0,0,1,3.0421537126,3.360290995,0,10.037693787,8.9938650804,8.3185333971,19.139495065,12.828822864,0,4.0965969286,3
2.379075,908127,331,0,0,0,0,0,0,0,1,0,0,0,0,0,0,1,0,1,0,1,1,1,0,1,0,0,0,1,0,0,0,1,0,0,0,1,0,0,0,0,0,0,0,0,1,1.27964,1,0,0,0,1,3.0421537126,0,0,10.037693787,8.9938650804,8.3185333971,19.139495065,12.828822864,0,1.9659694101,9
2.174056,907298,1046,1,0,0,0,0,0,0,1,0,0,1,0,0,0,1,1,1,1,1,1,1,1,1,0,1,0,1,0,0,0,0,0,0,0,0,0,0,0,1,0,0,0,0,0,0,0,0,0,0,0,2.976818149,0,0,11.151804899,8.4640050836,8.4112568406,19.341029083,9.6827849299,0,1.494461806,8
0.831789,909756,1219,1,0,0,0,0,1,0,1,0,0,0,0,0,0,0,0,0,0,0,1,0,0,0,0,0,0,1,0,1,0,0,0,0,1,0,0,0,0,0,0,0,0,0,0,0,0,0,0,0,0,2.8475138,0,0,9.933029521,9.3930114186,8.4369559448,20.367287435,12.196426895,0,1.7138818273,7
1.644358,1240210,1029,1,0,0,0,0,0,0,1,0,0,0,0,0,0,0,0,1,0,1,1,0,0,1,0,0,0,1,0,1,1,1,0,0,0,0,0,0,0,0,0,0,0,0,0,0,0,3.3913998776,0,0,1,2.9949189991,0,0,10.228550361,8.5071086764,8.3609990245,18.427721333,11.096510538,1,1.4478950157,2
-0.948487,909759,155,0,0,0,0,0,0,0,0,0,0,1,0,0,0,1,0,1,1,1,1,0,0,1,0,0,0,1,0,1,0,1,0,0,0,1,0,0,0,0,1,0,0,0,0,0,0,0,0,0,0,3.0146730322,0,0,9.237139029,8.4702744104,7.4905298784,18.879786744,11.507563933,0,-0.664164367,3
2.971502,909756,306,0,0,0,0,0,0,0,0,0,0,0,0,0,0,0,1,0,0,0,0,0,0,0,0,0,0,1,0,1,0,0,0,1,0,0,0,1,0,0,0,0,0,0,0,0,0,0,0,0,0,2.8475138,0,0,9.933029521,9.3930114186,8.4369559448,20.367287435,12.196426895,0,2.132042576,10
4.657629,971774,1061,1,0,0,0,0,0,0,0,0,0,0,0,0,0,0,0,0,0,0,1,0,0,0,0,0,0,1,0,1,0,0,0,1,0,0,0,0,0,0,1,0,0.807544,3.165283691,0,0.726215,1,3.4190544056,1,4.2084771202,1,3.0918643898,0,0,11.706620878,9.1123914875,8.9001265462,18.080785351,12.757518026,0,4.6772560833,7
2.848508,909732,203,0,0,1,0,0,0,0,0,0,0,0,0,0,0,0,0,1,0,0,1,0,0,0,0,0,0,1,0,1,0,0,0,0,0,0,0,0,0,0,1,0,0,0,0,0,0,0,0,0,1,2.973266203,0,0,10.857390724,8.2620767107,8.4660243758,21.864805491,10.66951928,0,3.1486770366,10
1.256433,909759,63,0,0,0,0,0,0,0,0,1,1,0,0,0,1,0,0,0,1,0,1,0,1,0,0,0,0,1,0,1,0,1,0,0,1,0,0,0,1,0,1,0,0,0,0,0,0,0,0,0,0,3.0146730322,0,0,9.237139029,8.4702744104,7.4905298784,18.879786744,11.507563933,0,1.421460332,9
3.795398,908127,308,0,0,0,0,0,0,1,1,0,0,0,0,0,0,0,1,0,0,0,1,0,1,0,0,0,0,1,0,0,0,0,0,1,0,0,0,0,0,0,0,1,0,0,1,1.27964,1,0,0,0,1,3.0421537126,0,0,10.037693787,8.9938650804,8.3185333971,19.139495065,12.828822864,0,1.7963956704,2
3.85828,910784,294,0,0,0,1,1,0,0,0,0,0,0,0,0,0,0,0,0,0,0,1,0,0,0,0,0,0,1,0,1,0,0,0,1,0,0,0,0,0,1,0,0,0,0,0,0,0,3.1694195397,0,0,0,2.7731873637,4.714736251,0,9.4480264448,8.1521646816,8.3427107252,19.196949072,9.0332286474,0,4.2879467815,9
3.856753,909756,199,0,0,0,0,0,0,0,1,1,0,0,0,0,0,0,0,1,0,0,1,0,0,0,0,0,0,1,0,1,0,0,0,0,0,1,0,1,0,0,0,0,0,0,0,0,0,0,0,0,0,2.8475138,0,0,9.933029521,9.3930114186,8.4369559448,20.367287435,12.196426895,0,3.2426385926,7
4.028521,909720,206,0,0,0,0,0,0,0,0,0,0,0,0,0,0,0,0,0,0,0,1,0,0,0,0,0,0,1,1,1,0,0,0,0,0,1,0,0,0,0,0,0,0,0,0,0,0,0,0,0,0,3.0099116771,0,0,9.0894024505,8.2986888893,8.1706134297,17.631371436,12.114078001,0,3.9546872768,6
-0.720262,909264,1014,1,0,1,0,1,0,0,0,0,0,0,0,0,0,0,0,0,0,0,0,0,0,0,0,0,0,1,0,0,0,0,0,0,0,0,0,0,0,1,1,0,0,0,0,0,0,0,0,0,1,2.8489562007,0,0,10.179938953,8.755480529,8.5485372513,19.138951582,10.853599749,0,1.4921577776,6
2.750089,909759,309,0,0,0,0,0,0,0,0,0,0,0,0,0,0,0,0,0,1,0,1,0,0,1,0,0,0,1,0,1,0,1,0,0,0,0,0,0,0,0,0,0,0,0,0,0,0,0,0,0,0,3.0146730322,0,0,9.237139029,8.4702744104,7.4905298784,18.879786744,11.507563933,0,4.611977322,1
3.205176,909732,330,0,0,0,0,0,0,0,1,0,0,0,0,0,0,1,0,0,1,1,1,0,0,1,0,0,0,1,0,0,0,1,0,0,1,1,1,0,0,0,0,0,0,0,0,0,0,0,0,0,1,2.973266203,0,0,10.857390724,8.2620767107,8.4660243758,21.864805491,10.66951928,0,3.0640486601,9
-4.939742,925343,32,0,0,0,0,0,0,0,0,0,0,0,0,0,0,0,0,0,0,0,0,0,0,0,0,0,0,1,0,1,0,0,0,0,0,1,1,0,0,0,1,0,0,0,0,0,1,0,0,0,1,2.9962981835,0,0,10.189126272,8.8162974431,8.2373848904,18.579263139,13.013508287,0,-2.600079336,10
1.565947,971773,35,0,0,0,1,1,0,0,0,0,0,0,0,0,0,0,0,0,0,0,0,0,0,0,0,0,0,1,0,1,0,0,0,1,0,0,0,0,0,0,1,0,0,0,0,0,0,0,0,0,0,2.9223297099,0,0,8.8816005533,8.4627762221,8.5256898879,18.752996197,9.9208505412,0,0.9004754747,1
-1.158894,909732,159,0,0,0,0,0,0,0,0,0,0,1,0,0,0,1,0,1,1,1,1,0,0,1,0,0,0,1,0,1,0,1,0,0,0,0,0,0,0,0,1,0,0,0,0,0,0,0,0,0,1,2.973266203,0,0,10.857390724,8.2620767107,8.4660243758,21.864805491,10.66951928,0,0.6791947286,3
3.708884,1240215,1373,1,0,0,0,0,0,0,0,0,0,0,0,0,0,0,0,0,0,0,1,0,0,1,0,0,0,1,0,1,0,0,0,0,0,0,0,0,0,0,0,0,0,0,0,0,0,6.5996007032,1,0,0,3.0662629843,0,0,9.7897319206,9.5000439039,8.3461885734,18.613933282,12.102026295,0,2.6923683369,6
3.238878,909720,298,0,0,0,0,0,0,0,1,0,0,0,0,0,0,0,1,0,0,1,1,0,0,1,0,0,0,1,0,0,1,0,0,0,0,0,0,1,0,0,0,0,0,0,0,0,0,0,0,0,0,3.0099116771,0,0,9.0894024505,8.2986888893,8.1706134297,17.631371436,12.114078001,0,2.6935149865,7
1.085515,909720,1046,1,0,0,0,0,0,0,1,0,0,1,0,0,0,1,1,1,1,1,1,1,1,1,0,1,0,1,0,0,0,0,0,0,0,0,0,0,0,1,0,0,0,0,0,0,0,0,0,0,0,3.0099116771,0,0,9.0894024505,8.2986888893,8.1706134297,17.631371436,12.114078001,0,1.3106753939,6
3.48692,1240215,255,0,0,0,0,0,0,0,1,0,1,0,0,0,0,1,1,1,0,0,1,0,1,1,0,0,0,1,0,1,0,0,0,1,1,0,0,0,0,0,0,0,0,0,0,0,0,6.5996007032,1,0,0,3.0662629843,0,0,9.7897319206,9.5000439039,8.3461885734,18.613933282,12.102026295,0,5.0064990228,2
2.04201,909732,110,0,0,0,0,0,0,0,0,0,0,0,0,0,0,0,0,0,0,0,1,0,0,0,0,0,0,1,0,1,0,0,0,1,0,0,0,0,0,1,1,0,0,0,0,0,0,0,0,0,1,2.973266203,0,0,10.857390724,8.2620767107,8.4660243758,21.864805491,10.66951928,0,3.2026423363,2
0.028532,1240215,1029,1,0,0,0,0,0,0,1,0,0,0,0,0,0,0,0,1,0,1,1,0,0,1,0,0,0,1,0,1,1,1,0,0,0,0,0,0,0,0,0,0,0,0,0,0,0,6.5996007032,1,0,0,3.0662629843,0,0,9.7897319206,9.5000439039,8.3461885734,18.613933282,12.102026295,0,1.345126329,9
3.680264,971773,329,0,0,0,0,0,0,0,1,0,0,0,0,0,0,0,0,0,1,0,1,0,0,0,0,0,0,1,0,0,1,1,0,1,0,0,0,0,0,0,0,0,0,0,0,0,0,0,0,0,0,2.9223297099,0,0,8.8816005533,8.4627762221,8.5256898879,18.752996197,9.9208505412,0,3.5428235477,5
-0.788377,924248,184,0,0,0,0,0,0,0,0,0,0,0,0,0,0,0,0,0,0,0,0,0,0,0,0,0,0,1,0,1,0,0,0,0,0,1,1,0,0,0,1,0,0,0,0,0.770379,0,0,0,4.9079778596,0,2.9762225287,0,0,10.286534739,8.7162113922,8.7121246012,21.756550177,14.591372756,0,0.7292918544,8
5.095874,1240166,229,0,0,0,0,0,0,0,1,0,0,0,0,0,0,0,0,0,0,1,1,1,0,1,0,0,0,1,0,0,0,0,0,0,0,0,0,0,0,0,1,0,0,0,0,0,1,0,0,2.7966849473,0,3.0238717604,0,0,11.482168397,10.167713696,8.8557395336,20.400662619,11.724299341,0,3.0779386839,1
0.559754,907298,1054,1,0,0,0,0,0,0,0,0,0,0,0,0,0,0,0,0,0,1,1,0,0,0,0,0,0,1,0,1,1,0,0,0,1,0,0,0,0,0,1,1,0,0,0,0,0,0,0,0,0,2.976818149,0,0,11.151804899,8.4640050836,8.4112568406,19.341029083,9.6827849299,0,0.3418998581,4
2.528054,909720,306,0,0,0,0,0,0,0,0,0,0,0,0,0,0,0,1,0,0,0,0,0,0,0,0,0,0,1,0,1,0,0,0,1,0,0,0,1,0,0,0,0,0,0,0,0,0,0,0,0,0,3.0099116771,0,0,9.0894024505,8.2986888893,8.1706134297,17.631371436,12.114078001,0,2.0664230175,8
3.641199,925343,1029,1,0,0,0,0,0,0,1,0,0,0,0,0,0,0,0,1,0,1,1,0,0,1,0,0,0,1,0,1,1,1,0,0,0,0,0,0,0,0,0,0,0,0,0,0,1,0,0,0,1,2.9962981835,0,0,10.189126272,8.8162974431,8.2373848904,18.579263139,13.013508287,0,3.1094361312,1
2.982072,971773,1052,1,0,0,0,0,0,0,1,0,0,0,0,0,0,1,0,1,0,0,1,0,0,1,0,0,0,1,0,0,0,1,0,0,0,0,0,0,0,0,0,0,0,0,0,0,0,0,0,0,0,2.9223297099,0,0,8.8816005533,8.4627762221,8.5256898879,18.752996197,9.9208505412,0,2.0160427712,1
5.041823,909716,295,0,0,0,0,0,0,0,1,0,0,0,0,0,0,0,0,0,1,0,1,0,0,0,0,0,0,1,0,1,0,1,0,0,0,1,0,0,0,0,0,0,0,0,1,0.635086,0,0,0,0,0,3.0394636924,0,0,10.003834798,9.1063448433,9.204390565,21.518247244,10.79405744,0,4.0162482302,2
3.870981,909756,294,0,0,0,1,1,0,0,0,0,0,0,0,0,0,0,0,0,0,0,1,0,0,0,0,0,0,1,0,1,0,0,0,1,0,0,0,0,0,1,0,0,0,0,0,0,0,0,0,0,0,2.8475138,0,0,9.933029521,9.3930114186,8.4369559448,20.367287435,12.196426895,0,3.4523352089,10
1.851386,1299061,1219,1,0,0,0,0,1,0,1,0,0,0,0,0,0,0,0,0,0,0,1,0,0,0,0,0,0,1,0,1,0,0,0,0,1,0,0,0,0,0,0,0,0,0,0,0,0,5.924603939,0,0,0,3.181275322,0,0,11.527623475,8.7989567731,8.2649243614,19.027614517,10.63934132,0,1.5609345617,1
-0.627562,909756,159,0,0,0,0,0,0,0,0,0,0,1,0,0,0,1,0,1,1,1,1,0,0,1,0,0,0,1,0,1,0,1,0,0,0,0,0,0,0,0,1,0,0,0,0,0,0,0,0,0,0,2.8475138,0,0,9.933029521,9.3930114186,8.4369559448,20.367287435,12.196426895,0,-0.808584091,7
5.299651,909732,294,0,0,0,1,1,0,0,0,0,0,0,0,0,0,0,0,0,0,0,1,0,0,0,0,0,0,1,0,1,0,0,0,1,0,0,0,0,0,1,0,0,0,0,0,0,0,0,0,0,1,2.973266203,0,0,10.857390724,8.2620767107,8.4660243758,21.864805491,10.66951928,0,4.2615925262,2
0.079651,909716,153,0,0,1,0,0,0,0,1,0,0,1,0,0,0,1,0,1,1,1,1,1,0,1,0,0,0,1,0,0,0,1,0,1,1,0,0,0,0,0,1,0,0,0,1,0.635086,0,0,0,0,0,3.0394636924,0,0,10.003834798,9.1063448433,9.204390565,21.518247244,10.79405744,0,-0.924462503,8
2.202447,971773,52,0,0,0,0,0,0,0,0,0,0,0,0,0,0,1,1,0,0,0,1,1,0,1,0,0,0,1,0,1,0,1,0,0,0,0,0,0,0,0,0,0,0,0,0,0,0,0,0,0,0,2.9223297099,0,0,8.8816005533,8.4627762221,8.5256898879,18.752996197,9.9208505412,0,1.2423817494,3
0.485325,925343,38,0,1,0,0,1,0,1,1,0,1,0,0,0,0,0,0,0,0,0,1,0,1,0,0,0,0,1,0,1,0,0,0,1,0,0,0,0,0,0,1,0,0,0,0,0,1,0,0,0,1,2.9962981835,0,0,10.189126272,8.8162974431,8.2373848904,18.579263139,13.013508287,0,0.4364425427,9
-0.505033,971773,153,0,0,1,0,0,0,0,1,0,0,1,0,0,0,1,0,1,1,1,1,1,0,1,0,0,0,1,0,0,0,1,0,1,1,0,0,0,0,0,1,0,0,0,0,0,0,0,0,0,0,2.9223297099,0,0,8.8816005533,8.4627762221,8.5256898879,18.752996197,9.9208505412,0,-1.06660885,10
0.140405,1299061,184,0,0,0,0,0,0,0,0,0,0,0,0,0,0,0,0,0,0,0,0,0,0,0,0,0,0,1,0,1,0,0,0,0,0,1,1,0,0,0,1,0,0,0,0,0,0,5.924603939,0,0,0,3.181275322,0,0,11.527623475,8.7989567731,8.2649243614,19.027614517,10.63934132,0,-0.015299783,4
3.613549,1299061,1015,1,1,0,0,0,0,0,1,0,0,0,0,0,0,0,0,0,0,0,1,0,0,0,0,0,0,1,0,0,1,1,0,0,0,0,0,0,0,0,0,0,0,0,0,0,0,5.924603939,0,0,0,3.181275322,0,0,11.527623475,8.7989567731,8.2649243614,19.027614517,10.63934132,0,2.7832687413,3
2.696385,925343,287,0,0,1,0,0,0,0,0,0,0,0,0,0,0,0,1,0,0,0,1,0,1,0,0,0,0,1,0,1,1,1,0,1,1,0,0,0,0,0,1,1,0,0,0,0,1,0,0,0,1,2.9962981835,0,0,10.189126272,8.8162974431,8.2373848904,18.579263139,13.013508287,0,3.3369977504,9
-0.116866,909720,32,0,0,0,0,0,0,0,0,0,0,0,0,0,0,0,0,0,0,0,0,0,0,0,0,0,0,1,0,1,0,0,0,0,0,1,1,0,0,0,1,0,0,0,0,0,0,0,0,0,0,3.0099116771,0,0,9.0894024505,8.2986888893,8.1706134297,17.631371436,12.114078001,0,-1.009458142,2
1.628277,909732,106,0,0,0,0,1,0,0,1,0,0,0,0,0,0,0,0,0,0,0,1,0,0,0,0,0,0,1,0,1,1,1,0,1,1,0,0,0,0,0,1,0,0,0,0,0,0,0,0,0,1,2.973266203,0,0,10.857390724,8.2620767107,8.4660243758,21.864805491,10.66951928,0,2.7686840173,1
4.654387,925343,1194,1,0,0,0,0,0,1,0,0,0,0,0,0,0,0,0,0,0,0,1,0,1,1,0,0,0,1,0,1,0,0,0,0,0,0,0,0,0,0,1,0,0,0,0,0,1,0,0,0,1,2.9962981835,0,0,10.189126272,8.8162974431,8.2373848904,18.579263139,13.013508287,0,3.2118898282,2
3.0618,1240215,202,0,0,0,0,1,0,0,1,0,1,0,0,0,0,1,0,0,0,0,1,1,1,1,0,0,0,1,0,1,0,1,0,1,0,0,0,0,1,0,1,0,0,0,0,0,0,6.5996007032,1,0,0,3.0662629843,4.8019166656,0,9.7897319206,9.5000439039,8.3461885734,18.613933282,12.102026295,0,1.3103895563,7
3.829713,909716,1061,1,0,0,0,0,0,0,0,0,0,0,0,0,0,0,0,0,0,0,1,0,0,0,0,0,0,1,0,1,0,0,0,1,0,0,0,0,0,0,1,0,0,0,1,0.635086,0,0,0,0,0,3.0394636924,0,0,10.003834798,9.1063448433,9.204390565,21.518247244,10.79405744,0,3.2548825377,5
1.11765,1240210,256,0,0,0,0,0,0,0,1,0,0,0,0,0,0,1,0,1,0,1,1,1,1,1,0,0,0,1,0,0,0,1,0,0,0,0,0,0,0,0,1,0,0,0,0,0,0,3.3913998776,0,0,1,2.9949189991,0,0,10.228550361,8.5071086764,8.3609990245,18.427721333,11.096510538,1,1.6473192501,3
4.59706,906999,293,0,0,0,0,0,0,1,0,0,1,0,0,0,0,0,0,0,0,0,1,0,1,0,0,0,0,1,0,1,1,1,0,1,0,0,0,0,0,0,1,0,0.7194,3.6102271394,1,0.7194,1,7.3829576608,1,2.9446837949,1,3.0495934171,0,0,9.9476808172,9.3831420839,8.7083086013,23.755134442,11.830576137,2,4.551540324,2
-1.991456,909732,157,0,0,0,0,0,0,0,0,0,0,0,0,0,0,0,0,0,0,0,1,0,0,0,0,0,0,1,0,1,0,0,0,1,0,0,0,0,0,0,0,0,0,0,0,0,0,0,0,0,1,2.973266203,0,0,10.857390724,8.2620767107,8.4660243758,21.864805491,10.66951928,0,-1.769031242,6
4.234075,909264,1129,1,0,1,0,0,0,0,0,0,0,0,0,0,0,0,0,1,0,0,1,0,0,0,0,0,0,1,0,1,0,0,0,0,0,0,0,0,0,0,1,0,0,0,0,0,0,0,0,0,1,2.8489562007,0,0,10.179938953,8.755480529,8.5485372513,19.138951582,10.853599749,0,3.1844531132,5
3.18754,1240215,329,0,0,0,0,0,0,0,1,0,0,0,0,0,0,0,0,0,1,0,1,0,0,0,0,0,0,1,0,0,1,1,0,1,0,0,0,0,0,0,0,0,0,0,0,0,0,6.5996007032,1,0,0,3.0662629843,0,0,9.7897319206,9.5000439039,8.3461885734,18.613933282,12.102026295,0,3.5388042522,2
1.87337,909720,1050,1,0,0,0,0,0,1,1,0,0,0,0,0,0,0,1,0,0,0,1,0,0,0,0,0,0,1,0,1,0,1,0,1,0,0,0,0,0,0,0,0,0,0,0,0,0,0,0,0,0,3.0099116771,0,0,9.0894024505,8.2986888893,8.1706134297,17.631371436,12.114078001,0,1.4313744269,9
1.455022,971773,202,0,0,0,0,1,0,0,1,0,1,0,0,0,0,1,0,0,0,0,1,1,1,1,0,0,0,1,0,1,0,1,0,1,0,0,0,0,1,0,1,0,0,0,0,0,0,0,0,0,0,2.9223297099,0,-3,8.8816005533,8.4627762221,8.5256898879,18.752996197,9.9208505412,0,1.293749428,2
1.302801,1240166,1049,1,0,0,0,0,0,0,0,0,0,0,0,0,0,0,0,0,0,1,1,0,1,1,0,0,0,1,0,1,0,0,0,0,0,0,0,0,0,0,0,0,0,0,0,0,1,0,0,2.7966849473,0,3.0238717604,0,0,11.482168397,10.167713696,8.8557395336,20.400662619,11.724299341,0,1.5544746811,5
4.656904,971773,231,0,0,0,0,0,0,0,0,0,0,0,0,0,0,0,0,0,1,1,1,0,0,1,0,0,0,1,0,1,0,0,0,1,0,0,0,0,0,0,0,0,0,0,0,0,0,0,0,0,0,2.9223297099,0,0,8.8816005533,8.4627762221,8.5256898879,18.752996197,9.9208505412,0,5.0627367702,8
2.530948,909720,330,0,0,0,0,0,0,0,1,0,0,0,0,0,0,1,0,0,1,1,1,0,0,1,0,0,0,1,0,0,0,1,0,0,1,1,1,0,0,0,0,0,0,0,0,0,0,0,0,0,0,3.0099116771,0,0,9.0894024505,8.2986888893,8.1706134297,17.631371436,12.114078001,0,3.4605122323,9
4.941879,1240215,1039,1,0,0,0,0,0,0,0,0,1,0,0,0,0,0,0,0,0,0,1,0,1,1,0,0,1,1,0,0,0,1,0,0,0,0,0,0,1,1,0,1,0,0,0,0,0,6.5996007032,1,0,0,3.0662629843,0,0,9.7897319206,9.5000439039,8.3461885734,18.613933282,12.102026295,0,5.3052274433,2
2.1500684287,909720,1032,1,0,0,0,1,0,0,1,0,0,0,1,0,0,0,0,0,0,0,1,0,0,0,0,0,0,1,0,1,0,1,0,1,0,0,0,0,0,0,0,0,0,0,0,0,0,0,0,0,0,3.0099116771,0,0,9.0894024505,8.2986888893,8.1706134297,17.631371436,12.114078001,0,3.2322279186,10
0.624928,909732,1050,1,0,0,0,0,0,1,1,0,0,0,0,0,0,0,1,0,0,0,1,0,0,0,0,0,0,1,0,1,0,1,0,1,0,0,0,0,0,0,0,0,0,0,0,0,0,0,0,0,1,2.973266203,0,0,10.857390724,8.2620767107,8.4660243758,21.864805491,10.66951928,0,1.5437799033,7
3.323215,909732,226,0,0,0,0,0,0,0,0,0,0,0,0,0,0,1,0,1,0,1,1,0,0,1,0,0,0,1,0,1,0,0,0,0,1,1,0,0,0,0,0,0,0,0,0,0,0,0,0,0,1,2.973266203,0,0,10.857390724,8.2620767107,8.4660243758,21.864805491,10.66951928,0,1.1334898773,8
0.265056,909720,219,0,0,0,0,0,0,0,0,0,0,0,0,0,0,0,0,0,0,0,1,0,0,0,0,0,0,1,0,0,1,0,1,0,1,1,0,0,0,0,1,0,0,0,0,0,0,0,0,0,0,3.0099116771,0,0,9.0894024505,8.2986888893,8.1706134297,17.631371436,12.114078001,0,0.1893809118,5
3.577754,910784,185,0,0,0,0,0,0,0,1,0,0,0,0,0,0,0,0,0,1,0,1,0,0,1,0,0,0,1,0,1,0,0,0,0,0,0,0,0,0,1,1,0,0,0,0,0,0,3.1694195397,0,0,0,2.7731873637,0,0,9.4480264448,8.1521646816,8.3427107252,19.196949072,9.0332286474,0,2.5982958455,6
0.552343,971773,1161,1,0,0,0,0,0,0,0,0,0,0,0,0,0,0,0,1,0,0,1,1,0,0,0,0,0,1,0,1,0,1,0,0,0,0,0,0,0,0,0,0,0,0,0,0,0,0,0,0,0,2.9223297099,0,0,8.8816005533,8.4627762221,8.5256898879,18.752996197,9.9208505412,0,0.6948543525,10
2.931927,910784,257,0,0,0,0,1,0,0,0,0,0,0,0,0,0,0,0,1,0,0,1,1,0,0,0,0,1,1,0,1,0,1,0,1,1,0,0,0,0,0,1,0,0,0,0,0,0,3.1694195397,0,0,0,2.7731873637,4.714736251,0,9.4480264448,8.1521646816,8.3427107252,19.196949072,9.0332286474,0,3.1937943641,4
-2.031127,908127,283,0,0,0,0,0,0,0,1,0,0,0,0,0,0,1,0,1,0,1,1,0,1,1,0,0,0,1,0,0,0,0,0,0,0,1,0,0,0,0,1,0,0,0,1,1.27964,1,0,0,0,1,3.0421537126,0,0,10.037693787,8.9938650804,8.3185333971,19.139495065,12.828822864,0,-1.554367378,10
3.253804,971774,203,0,0,1,0,0,0,0,0,0,0,0,0,0,0,0,0,1,0,0,1,0,0,0,0,0,0,1,0,1,0,0,0,0,0,0,0,0,0,0,1,0,0.807544,3.165283691,0,0.726215,1,3.4190544056,1,4.2084771202,1,3.0918643898,0,0,11.706620878,9.1123914875,8.9001265462,18.080785351,12.757518026,0,3.1812235396,5
3.922415,909716,293,0,0,0,0,0,0,1,0,0,1,0,0,0,0,0,0,0,0,0,1,0,1,0,0,0,0,1,0,1,1,1,0,1,0,0,0,0,0,0,1,0,0,0,1,0.635086,0,0,0,0,0,3.0394636924,0,0,10.003834798,9.1063448433,9.204390565,21.518247244,10.79405744,0,3.4639329992,5
4.200321,909732,257,0,0,0,0,1,0,0,0,0,0,0,0,0,0,0,0,1,0,0,1,1,0,0,0,0,1,1,0,1,0,1,0,1,1,0,0,0,0,0,1,0,0,0,0,0,0,0,0,0,1,2.973266203,0,0,10.857390724,8.2620767107,8.4660243758,21.864805491,10.66951928,0,2.1909297751,4
4.354648,908127,1043,1,0,0,0,0,0,0,0,0,1,0,0,0,0,0,0,0,0,0,1,0,1,0,0,0,1,1,1,1,0,0,0,0,0,0,0,0,0,0,0,0,0,0,1,1.27964,1,0,0,0,1,3.0421537126,0,0,10.037693787,8.9938650804,8.3185333971,19.139495065,12.828822864,0,3.9551163567,1
0.742055,971773,301,0,0,0,0,0,0,0,0,0,0,0,0,0,0,0,0,0,0,0,1,0,0,0,0,0,0,0,0,0,0,0,0,0,1,1,1,0,0,0,1,0,0,0,0,0,0,0,0,0,0,2.9223297099,0,0,8.8816005533,8.4627762221,8.5256898879,18.752996197,9.9208505412,0,1.6044826989,7
1.003057,909756,167,0,0,0,0,0,0,0,0,0,0,1,0,0,0,1,0,0,1,1,1,0,0,1,0,0,0,1,0,0,0,0,0,0,0,1,0,0,0,0,1,0,0,0,0,0,0,0,0,0,0,2.8475138,0,0,9.933029521,9.3930114186,8.4369559448,20.367287435,12.196426895,0,2.3208889622,10
1.753599,909716,1021,1,0,0,0,0,0,0,1,1,0,0,0,0,0,0,0,0,0,0,1,0,0,0,0,0,0,1,0,0,0,1,0,0,1,1,0,1,0,0,0,0,0,0,1,0.635086,0,0,0,0,0,3.0394636924,0,0,10.003834798,9.1063448433,9.204390565,21.518247244,10.79405744,0,1.0905128272,1
3.158576,1240215,203,0,0,1,0,0,0,0,0,0,0,0,0,0,0,0,0,1,0,0,1,0,0,0,0,0,0,1,0,1,0,0,0,0,0,0,0,0,0,0,1,0,0,0,0,0,0,6.5996007032,1,0,0,3.0662629843,0,0,9.7897319206,9.5000439039,8.3461885734,18.613933282,12.102026295,0,3.1706026847,2
1.360681,909756,1142,1,0,0,1,0,0,0,0,0,0,0,0,0,0,0,0,0,0,0,1,0,0,0,0,0,0,1,0,1,1,1,0,0,1,0,0,0,0,0,0,0,0,0,0,0,0,0,0,0,0,2.8475138,0,0,9.933029521,9.3930114186,8.4369559448,20.367287435,12.196426895,0,0.6824618166,6
3.953814,909756,295,0,0,0,0,0,0,0,1,0,0,0,0,0,0,0,0,0,1,0,1,0,0,0,0,0,0,1,0,1,0,1,0,0,0,1,0,0,0,0,0,0,0,0,0,0,0,0,0,0,0,2.8475138,0,0,9.933029521,9.3930114186,8.4369559448,20.367287435,12.196426895,0,3.4922395676,4
-1.110139,910784,249,0,0,0,0,0,0,1,1,0,0,0,0,0,0,0,1,0,0,0,1,0,1,0,0,0,0,1,0,0,0,0,0,0,0,0,0,0,0,0,0,1,0,0,0,0,0,3.1694195397,0,0,0,2.7731873637,0,0,9.4480264448,8.1521646816,8.3427107252,19.196949072,9.0332286474,0,3.7371646494,1
2.332285,909754,202,0,0,0,0,1,0,0,1,0,1,0,0,0,0,1,0,0,0,0,1,1,1,1,0,0,0,1,0,1,0,1,0,1,0,0,0,0,1,0,1,0,0.874992,3.482301125,2,1.249564,4,12.400271453,2,14.35521576,4,3.2239404416,0,2,10.807558704,8.9081237696,9.3022917015,24.001803288,16.699368639,2,1.3103949703,3
0.494058,1299061,158,0,0,0,0,0,0,0,1,0,0,0,0,0,0,0,0,0,0,0,1,1,0,0,0,0,0,1,0,1,0,0,0,0,0,0,0,0,0,0,0,0,0,0,0,0,0,5.924603939,0,0,0,3.181275322,0,0,11.527623475,8.7989567731,8.2649243614,19.027614517,10.63934132,0,0.9458812777,6
4.282795,924248,345,0,0,0,0,0,0,0,1,0,0,1,0,0,0,0,0,1,0,1,1,0,0,0,0,1,0,1,0,1,0,1,0,0,0,0,0,0,0,0,0,0,0,0,0,0.770379,0,0,0,4.9079778596,0,2.9762225287,0,0,10.286534739,8.7162113922,8.7121246012,21.756550177,14.591372756,0,4.3160771993,1
3.304673,909756,229,0,0,0,0,0,0,0,1,0,0,0,0,0,0,0,0,0,0,1,1,1,0,1,0,0,0,1,0,0,0,0,0,0,0,0,0,0,0,0,1,0,0,0,0,0,0,0,0,0,0,2.8475138,0,0,9.933029521,9.3930114186,8.4369559448,20.367287435,12.196426895,0,3.6580487995,8
5.151417,908127,193,0,0,0,0,0,0,1,0,0,0,0,0,0,0,0,0,0,0,0,1,0,1,1,0,0,0,1,0,1,0,0,0,0,0,0,0,0,0,0,0,0,0,0,1,1.27964,1,0,0,0,1,3.0421537126,0,0,10.037693787,8.9938650804,8.3185333971,19.139495065,12.828822864,0,5.05055104,3
2.183268,908127,277,0,0,0,0,0,0,0,1,0,0,1,0,0,0,0,0,1,0,1,1,0,0,1,0,0,0,1,0,1,0,0,0,0,0,1,1,0,0,0,0,0,0,0,1,1.27964,1,0,0,0,1,3.0421537126,0,0,10.037693787,8.9938650804,8.3185333971,19.139495065,12.828822864,0,2.9859135192,5
5.35409,909754,1050,1,0,0,0,0,0,1,1,0,0,0,0,0,0,0,1,0,0,0,1,0,0,0,0,0,0,1,0,1,0,1,0,1,0,0,0,0,0,0,0,0,0.874992,3.482301125,2,1.249564,4,12.400271453,2,14.35521576,4,3.2239404416,0,0,10.807558704,8.9081237696,9.3022917015,24.001803288,16.699368639,2,5.1489999847,2
-0.793729,908127,1060,1,0,0,0,0,0,0,1,0,0,0,0,0,0,0,0,0,0,0,1,0,0,0,0,0,0,1,0,0,1,1,0,0,0,0,0,0,0,1,0,0,0,0,1,1.27964,1,0,0,0,1,3.0421537126,0,0,10.037693787,8.9938650804,8.3185333971,19.139495065,12.828822864,0,-0.779992576,10
2.663514,971773,345,0,0,0,0,0,0,0,1,0,0,1,0,0,0,0,0,1,0,1,1,0,0,0,0,1,0,1,0,1,0,1,0,0,0,0,0,0,0,0,0,0,0,0,0,0,0,0,0,0,0,2.9223297099,0,0,8.8816005533,8.4627762221,8.5256898879,18.752996197,9.9208505412,0,4.3168623489,6
0.940118,909732,177,0,0,0,0,0,0,0,0,0,0,1,0,0,0,1,0,0,1,1,1,0,1,1,0,0,0,1,0,1,0,1,0,0,0,0,0,0,0,1,0,0,0,0,0,0,0,0,0,0,1,2.973266203,0,0,10.857390724,8.2620767107,8.4660243758,21.864805491,10.66951928,0,1.3154446487,8
2.474005,1240210,1013,1,0,0,0,0,0,0,1,0,0,0,0,0,0,0,0,0,1,0,1,0,0,0,0,0,0,1,0,1,0,1,0,0,0,0,0,0,0,0,1,0,0,0,0,0,0,3.3913998776,0,0,1,2.9949189991,0,0,10.228550361,8.5071086764,8.3609990245,18.427721333,11.096510538,1,2.4455778833,6
4.046374,925343,305,0,0,0,0,0,0,0,0,0,0,0,0,0,0,0,0,0,0,0,1,0,0,1,0,0,0,1,0,1,1,1,0,0,0,0,0,0,0,0,0,0,0,0,0,0,1,0,0,0,1,2.9962981835,0,0,10.189126272,8.8162974431,8.2373848904,18.579263139,13.013508287,0,4.373727945,10
-0.120752,910784,292,0,0,0,0,0,0,0,1,0,0,0,0,0,0,0,0,1,1,0,1,0,0,0,0,0,0,1,0,1,0,1,0,0,0,0,0,0,0,0,1,0,0,0,0,0,0,3.1694195397,0,0,0,2.7731873637,0,0,9.4480264448,8.1521646816,8.3427107252,19.196949072,9.0332286474,0,2.6373727061,1
5.385267,1240215,295,0,0,0,0,0,0,0,1,0,0,0,0,0,0,0,0,0,1,0,1,0,0,0,0,0,0,1,0,1,0,1,0,0,0,1,0,0,0,0,0,0,0,0,0,0,0,6.5996007032,1,0,0,3.0662629843,0,0,9.7897319206,9.5000439039,8.3461885734,18.613933282,12.102026295,0,5.2078591954,3
-2.24004,971773,273,0,0,0,0,0,0,1,1,0,0,0,0,0,0,0,1,0,0,0,1,0,1,0,0,0,0,1,0,1,0,0,0,0,0,0,0,0,0,0,0,0,0,0,0,0,0,0,0,0,0,2.9223297099,0,0,8.8816005533,8.4627762221,8.5256898879,18.752996197,9.9208505412,0,-0.799787181,8
0.539837,909716,226,0,0,0,0,0,0,0,0,0,0,0,0,0,0,1,0,1,0,1,1,0,0,1,0,0,0,1,0,1,0,0,0,0,1,1,0,0,0,0,0,0,0,0,1,0.635086,0,0,0,0,0,3.0394636924,0,0,10.003834798,9.1063448433,9.204390565,21.518247244,10.79405744,0,-0.368146051,7
-0.576556,909756,35,0,0,0,1,1,0,0,0,0,0,0,0,0,0,0,0,0,0,0,0,0,0,0,0,0,0,1,0,1,0,0,0,1,0,0,0,0,0,0,1,0,0,0,0,0,0,0,0,0,0,2.8475138,0,0,9.933029521,9.3930114186,8.4369559448,20.367287435,12.196426895,0,-0.065573794,10
4.84645,909716,1039,1,0,0,0,0,0,0,0,0,1,0,0,0,0,0,0,0,0,0,1,0,1,1,0,0,1,1,0,0,0,1,0,0,0,0,0,0,1,1,0,1,0,0,1,0.635086,0,0,0,0,0,3.0394636924,0,0,10.003834798,9.1063448433,9.204390565,21.518247244,10.79405744,0,4.3668083701,6
3.694341,1240215,1043,1,0,0,0,0,0,0,0,0,1,0,0,0,0,0,0,0,0,0,1,0,1,0,0,0,1,1,1,1,0,0,0,0,0,0,0,0,0,0,0,0,0,0,0,0,0,6.5996007032,1,0,0,3.0662629843,0,0,9.7897319206,9.5000439039,8.3461885734,18.613933282,12.102026295,0,3.9584294878,1
0.381548,909720,1161,1,0,0,0,0,0,0,0,0,0,0,0,0,0,0,0,1,0,0,1,1,0,0,0,0,0,1,0,1,0,1,0,0,0,0,0,0,0,0,0,0,0,0,0,0,0,0,0,0,0,3.0099116771,0,0,9.0894024505,8.2986888893,8.1706134297,17.631371436,12.114078001,0,0.1539283681,8
1.081178,909756,308,0,0,0,0,0,0,1,1,0,0,0,0,0,0,0,1,0,0,0,1,0,1,0,0,0,0,1,0,0,0,0,0,1,0,0,0,0,0,0,0,1,0,0,0,0,0,0,0,0,0,2.8475138,0,0,9.933029521,9.3930114186,8.4369559448,20.367287435,12.196426895,0,-0.078965817,2
2.995157,909759,1158,1,0,0,0,1,0,0,0,0,0,0,0,0,0,0,0,1,0,0,1,1,0,0,0,0,1,1,0,1,0,1,0,1,1,0,0,0,0,0,1,0,0,0,0,0,0,0,0,0,0,3.0146730322,0,0,9.237139029,8.4702744104,7.4905298784,18.879786744,11.507563933,0,2.0854590781,4
1.098413,909720,177,0,0,0,0,0,0,0,0,0,0,1,0,0,0,1,0,0,1,1,1,0,1,1,0,0,0,1,0,1,0,1,0,0,0,0,0,0,0,1,0,0,0,0,0,0,0,0,0,0,0,3.0099116771,0,0,9.0894024505,8.2986888893,8.1706134297,17.631371436,12.114078001,0,0.3542075955,3
2.58016,971773,309,0,0,0,0,0,0,0,0,0,0,0,0,0,0,0,0,0,1,0,1,0,0,1,0,0,0,1,0,1,0,1,0,0,0,0,0,0,0,0,0,0,0,0,0,0,0,0,0,0,0,2.9223297099,0,0,8.8816005533,8.4627762221,8.5256898879,18.752996197,9.9208505412,0,3.4610085992,10
3.272643,909716,229,0,0,0,0,0,0,0,1,0,0,0,0,0,0,0,0,0,0,1,1,1,0,1,0,0,0,1,0,0,0,0,0,0,0,0,0,0,0,0,1,0,0,0,1,0.635086,0,0,0,0,0,3.0394636924,0,0,10.003834798,9.1063448433,9.204390565,21.518247244,10.79405744,0,3.4225993733,4
5.009043,925343,1025,1,0,0,0,0,0,0,1,0,0,0,0,0,0,0,0,0,0,1,1,1,0,1,0,0,0,1,0,0,0,0,0,0,0,0,0,0,0,0,0,0,0,0,0,0,1,0,0,0,1,2.9962981835,0,0,10.189126272,8.8162974431,8.2373848904,18.579263139,13.013508287,0,5.9584504637,10
2.789291,971773,176,0,0,0,0,0,1,0,0,1,0,1,0,0,1,0,0,0,0,1,1,0,1,0,0,0,0,1,0,0,0,0,0,0,0,0,0,0,0,1,0,0,0,0,0,0,0,0,0,0,0,2.9223297099,0,0,8.8816005533,8.4627762221,8.5256898879,18.752996197,9.9208505412,0,2.2735959861,8
4.7346,1240215,290,0,0,0,0,0,0,0,0,0,0,0,0,0,0,0,0,0,0,0,1,0,0,0,0,0,0,0,1,0,1,1,0,0,0,0,0,0,0,0,0,0,0,0,0,0,0,6.5996007032,1,0,0,3.0662629843,0,0,9.7897319206,9.5000439039,8.3461885734,18.613933282,12.102026295,0,5.5092964468,10
-2.488904,909732,86,0,0,0,0,0,0,0,1,0,0,0,0,0,0,1,0,1,0,1,1,0,1,1,0,0,0,1,0,0,0,0,0,1,0,1,0,0,0,0,0,0,0,0,0,0,0,0,0,0,1,2.973266203,0,0,10.857390724,8.2620767107,8.4660243758,21.864805491,10.66951928,0,-1.391131855,5
5.207564,925343,279,0,0,0,0,0,0,0,1,0,0,0,0,0,0,0,0,0,1,0,1,0,0,1,0,0,0,1,0,0,1,1,0,0,1,0,0,0,0,0,0,0,0,0,0,0,1,0,0,0,1,2.9962981835,0,0,10.189126272,8.8162974431,8.2373848904,18.579263139,13.013508287,0,5.3024776661,5
1.283572,909754,153,0,0,1,0,0,0,0,1,0,0,1,0,0,0,1,0,1,1,1,1,1,0,1,0,0,0,1,0,0,0,1,0,1,1,0,0,0,0,0,1,0,0.874992,3.482301125,2,1.249564,4,12.400271453,2,14.35521576,4,3.2239404416,0,0,10.807558704,8.9081237696,9.3022917015,24.001803288,16.699368639,2,1.8841945788,7
4.509253,909264,309,0,0,0,0,0,0,0,0,0,0,0,0,0,0,0,0,0,1,0,1,0,0,1,0,0,0,1,0,1,0,1,0,0,0,0,0,0,0,0,0,0,0,0,0,0,0,0,0,0,1,2.8489562007,0,0,10.179938953,8.755480529,8.5485372513,19.138951582,10.853599749,0,4.6268010257,6
3.696585,908127,1015,1,1,0,0,0,0,0,1,0,0,0,0,0,0,0,0,0,0,0,1,0,0,0,0,0,0,1,0,0,1,1,0,0,0,0,0,0,0,0,0,0,0,0,1,1.27964,1,0,0,0,1,3.0421537126,0,0,10.037693787,8.9938650804,8.3185333971,19.139495065,12.828822864,0,3.2571577178,8
1.760938,909720,207,0,0,0,1,0,0,0,0,0,0,0,0,0,0,0,0,0,0,0,1,0,0,0,0,0,0,1,1,1,0,0,0,0,0,0,0,0,0,0,0,0,0,0,0,0,0,0,0,0,0,3.0099116771,0,0,9.0894024505,8.2986888893,8.1706134297,17.631371436,12.114078001,0,2.0672457032,8
-4.188289,909756,83,0,0,0,0,0,0,0,1,0,0,0,0,0,0,1,0,1,0,1,1,1,0,1,0,0,0,1,0,0,0,1,0,0,1,0,0,0,0,0,1,0,0,0,0,0,0,0,0,0,0,2.8475138,0,0,9.933029521,9.3930114186,8.4369559448,20.367287435,12.196426895,0,-2.997281598,7
5.12811,1240166,279,0,0,0,0,0,0,0,1,0,0,0,0,0,0,0,0,0,1,0,1,0,0,1,0,0,0,1,0,0,1,1,0,0,1,0,0,0,0,0,0,0,0,0,0,0,1,0,0,2.7966849473,0,3.0238717604,0,0,11.482168397,10.167713696,8.8557395336,20.400662619,11.724299341,0,6.0648128197,1
1.602798,924248,30,0,0,0,0,0,0,0,0,0,0,0,0,0,0,0,1,0,0,0,1,0,0,0,0,0,1,1,0,1,0,1,0,0,1,0,0,0,0,0,1,0,0,0,0,0.770379,0,0,0,4.9079778596,0,2.9762225287,0,0,10.286534739,8.7162113922,8.7121246012,21.756550177,14.591372756,0,1.8151942336,8
3.28992,1240215,301,0,0,0,0,0,0,0,0,0,0,0,0,0,0,0,0,0,0,0,1,0,0,0,0,0,0,0,0,0,0,0,0,0,1,1,1,0,0,0,1,0,0,0,0,0,0,6.5996007032,1,0,0,3.0662629843,0,0,9.7897319206,9.5000439039,8.3461885734,18.613933282,12.102026295,0,2.3585733995,8
4.059475,924248,63,0,0,0,0,0,0,0,0,1,1,0,0,0,1,0,0,0,1,0,1,0,1,0,0,0,0,1,0,1,0,1,0,0,1,0,0,0,1,0,1,0,0,0,0,0.770379,0,0,0,4.9079778596,0,2.9762225287,0,0,10.286534739,8.7162113922,8.7121246012,21.756550177,14.591372756,0,2.636175705,8
3.179709,1240215,1028,1,0,0,0,0,0,0,0,0,0,0,0,0,0,0,0,0,0,0,1,0,0,1,0,0,0,1,0,1,1,1,0,0,0,0,0,0,0,0,0,0,0,0,0,0,0,6.5996007032,1,0,0,3.0662629843,0,0,9.7897319206,9.5000439039,8.3461885734,18.613933282,12.102026295,0,2.524767125,6
-0.020824,910784,222,0,0,0,0,0,0,0,0,0,0,0,0,0,0,0,0,0,0,0,0,0,0,0,0,0,0,1,0,1,0,0,0,0,1,0,0,0,0,0,1,0,0,0,0,0,0,3.1694195397,0,0,0,2.7731873637,0,0,9.4480264448,8.1521646816,8.3427107252,19.196949072,9.0332286474,0,1.9344286042,8
3.481101,1240210,177,0,0,0,0,0,0,0,0,0,0,1,0,0,0,1,0,0,1,1,1,0,1,1,0,0,0,1,0,1,0,1,0,0,0,0,0,0,0,1,0,0,0,0,0,0,0,3.3913998776,0,0,1,2.9949189991,0,0,10.228550361,8.5071086764,8.3609990245,18.427721333,11.096510538,1,3.8897395572,5
1.807957,1299061,207,0,0,0,1,0,0,0,0,0,0,0,0,0,0,0,0,0,0,0,1,0,0,0,0,0,0,1,1,1,0,0,0,0,0,0,0,0,0,0,0,0,0,0,0,0,0,5.924603939,0,0,0,3.181275322,0,0,11.527623475,8.7989567731,8.2649243614,19.027614517,10.63934132,0,2.1640337214,6
3.407535,971773,1015,1,1,0,0,0,0,0,1,0,0,0,0,0,0,0,0,0,0,0,1,0,0,0,0,0,0,1,0,0,1,1,0,0,0,0,0,0,0,0,0,0,0,0,0,0,0,0,0,0,0,2.9223297099,0,0,8.8816005533,8.4627762221,8.5256898879,18.752996197,9.9208505412,0,3.443082968,5
1.2272553347,1240215,1014,1,0,1,0,1,0,0,0,0,0,0,0,0,0,0,0,0,0,0,0,0,0,0,0,0,0,1,0,0,0,0,0,0,0,0,0,0,0,1,1,0,0,0,0,0,0,6.5996007032,1,0,0,3.0662629843,4.8019166656,0,9.7897319206,9.5000439039,8.3461885734,18.613933282,12.102026295,0,1.3857172779,6
2.681276,1299061,1164,1,0,0,0,1,0,0,1,0,0,0,0,0,0,0,0,0,0,0,1,0,0,0,0,0,0,1,0,1,1,1,0,1,1,0,0,0,0,1,1,0,0,0,0,0,0,5.924603939,0,0,0,3.181275322,0,0,11.527623475,8.7989567731,8.2649243614,19.027614517,10.63934132,0,2.1818087009,3
5.130572,1240166,230,0,0,0,0,0,0,0,1,0,0,0,0,0,0,0,0,0,1,1,1,0,0,1,1,0,0,1,0,0,1,0,0,0,0,1,0,0,0,0,0,0,0,0,0,0,1,0,0,2.7966849473,0,3.0238717604,0,0,11.482168397,10.167713696,8.8557395336,20.400662619,11.724299341,0,6.0414717138,1
0.107578,909759,207,0,0,0,1,0,0,0,0,0,0,0,0,0,0,0,0,0,0,0,1,0,0,0,0,0,0,1,1,1,0,0,0,0,0,0,0,0,0,0,0,0,0,0,0,0,0,0,0,0,0,3.0146730322,0,0,9.237139029,8.4702744104,7.4905298784,18.879786744,11.507563933,0,2.0885218655,5
2.569284,909720,287,0,0,1,0,0,0,0,0,0,0,0,0,0,0,0,1,0,0,0,1,0,1,0,0,0,0,1,0,1,1,1,0,1,1,0,0,0,0,0,1,1,0,0,0,0,0,0,0,0,0,3.0099116771,0,0,9.0894024505,8.2986888893,8.1706134297,17.631371436,12.114078001,0,2.648044823,2
3.386446,971773,64,0,0,0,0,0,0,0,0,0,0,0,0,0,0,0,0,0,1,1,1,0,0,1,0,0,0,1,0,1,0,0,0,0,0,0,0,0,0,1,0,0,0,0,0,0,0,0,0,0,0,2.9223297099,0,0,8.8816005533,8.4627762221,8.5256898879,18.752996197,9.9208505412,0,1.8865262241,7
4.108729,909756,257,0,0,0,0,1,0,0,0,0,0,0,0,0,0,0,0,1,0,0,1,1,0,0,0,0,1,1,0,1,0,1,0,1,1,0,0,0,0,0,1,0,0,0,0,0,0,0,0,0,0,2.8475138,0,0,9.933029521,9.3930114186,8.4369559448,20.367287435,12.196426895,0,1.7165047536,4
5.608862,909754,262,0,1,0,0,0,0,0,0,0,0,0,0,1,0,0,0,0,0,0,1,1,1,1,0,0,0,1,0,1,0,1,0,1,1,0,0,0,0,1,1,0,0.874992,3.482301125,2,1.249564,4,12.400271453,2,14.35521576,4,3.2239404416,0,0,10.807558704,8.9081237696,9.3022917015,24.001803288,16.699368639,2,5.2486540242,3
6.879889,909754,229,0,0,0,0,0,0,0,1,0,0,0,0,0,0,0,0,0,0,1,1,1,0,1,0,0,0,1,0,0,0,0,0,0,0,0,0,0,0,0,1,0,0.874992,3.482301125,2,1.249564,4,12.400271453,2,14.35521576,4,3.2239404416,0,0,10.807558704,8.9081237696,9.3022917015,24.001803288,16.699368639,2,7.0629045475,6
-3.178338,909732,60,0,0,0,0,1,0,0,0,0,0,0,0,0,0,0,0,1,0,0,1,1,0,0,0,0,1,1,0,1,0,1,0,1,1,0,0,0,0,0,1,0,0,0,0,0,0,0,0,0,1,2.973266203,0,0,10.857390724,8.2620767107,8.4660243758,21.864805491,10.66951928,0,2.1909297751,9
-0.607888,908127,159,0,0,0,0,0,0,0,0,0,0,1,0,0,0,1,0,1,1,1,1,0,0,1,0,0,0,1,0,1,0,1,0,0,0,0,0,0,0,0,1,0,0,0,1,1.27964,1,0,0,0,1,3.0421537126,0,0,10.037693787,8.9938650804,8.3185333971,19.139495065,12.828822864,0,-0.346900456,6
-0.725057,908127,157,0,0,0,0,0,0,0,0,0,0,0,0,0,0,0,0,0,0,0,1,0,0,0,0,0,0,1,0,1,0,0,0,1,0,0,0,0,0,0,0,0,0,0,1,1.27964,1,0,0,0,1,3.0421537126,0,0,10.037693787,8.9938650804,8.3185333971,19.139495065,12.828822864,0,-0.19867019,5
3.674066,1299061,1046,1,0,0,0,0,0,0,1,0,0,1,0,0,0,1,1,1,1,1,1,1,1,1,0,1,0,1,0,0,0,0,0,0,0,0,0,0,0,1,0,0,0,0,0,0,0,5.924603939,0,0,0,3.181275322,0,0,11.527623475,8.7989567731,8.2649243614,19.027614517,10.63934132,0,3.3583184331,3
-0.741002,910784,252,0,0,0,0,0,0,0,0,0,0,0,0,0,0,0,0,0,0,0,0,0,0,0,0,0,0,1,0,1,0,1,0,0,0,0,0,0,0,0,1,0,0,0,0,0,0,3.1694195397,0,0,0,2.7731873637,0,0,9.4480264448,8.1521646816,8.3427107252,19.196949072,9.0332286474,0,-0.940286818,2
1.888084,909759,199,0,0,0,0,0,0,0,1,1,0,0,0,0,0,0,0,1,0,0,1,0,0,0,0,0,0,1,0,1,0,0,0,0,0,1,0,1,0,0,0,0,0,0,0,0,0,0,0,0,0,3.0146730322,0,0,9.237139029,8.4702744104,7.4905298784,18.879786744,11.507563933,0,1.4564064633,7
4.339003,909756,110,0,0,0,0,0,0,0,0,0,0,0,0,0,0,0,0,0,0,0,1,0,0,0,0,0,0,1,0,1,0,0,0,1,0,0,0,0,0,1,1,0,0,0,0,0,0,0,0,0,0,2.8475138,0,0,9.933029521,9.3930114186,8.4369559448,20.367287435,12.196426895,0,3.7215894843,8
3.762938,925343,291,0,1,0,0,0,0,0,1,0,0,0,1,1,0,0,0,0,0,0,1,0,0,1,0,0,0,1,1,0,0,0,0,0,0,0,0,0,0,0,1,0,0,0,0,0,1,0,0,0,1,2.9962981835,0,0,10.189126272,8.8162974431,8.2373848904,18.579263139,13.013508287,0,3.985725289,9
2.213725,1240210,158,0,0,0,0,0,0,0,1,0,0,0,0,0,0,0,0,0,0,0,1,1,0,0,0,0,0,1,0,1,0,0,0,0,0,0,0,0,0,0,0,0,0,0,0,0,0,3.3913998776,0,0,1,2.9949189991,0,0,10.228550361,8.5071086764,8.3609990245,18.427721333,11.096510538,1,1.2994686414,10
3.788577,1240166,275,0,0,0,0,0,0,0,1,0,0,0,0,0,0,0,1,0,0,0,1,0,1,1,0,0,0,1,0,1,0,0,0,0,1,1,0,0,0,0,1,0,0,0,0,0,1,0,0,2.7966849473,0,3.0238717604,0,0,11.482168397,10.167713696,8.8557395336,20.400662619,11.724299341,0,4.8248731008,3
3.281602,908127,330,0,0,0,0,0,0,0,1,0,0,0,0,0,0,1,0,0,1,1,1,0,0,1,0,0,0,1,0,0,0,1,0,0,1,1,1,0,0,0,0,0,0,0,1,1.27964,1,0,0,0,1,3.0421537126,0,0,10.037693787,8.9938650804,8.3185333971,19.139495065,12.828822864,0,3.0944585918,7
2.158743,1240166,277,0,0,0,0,0,0,0,1,0,0,1,0,0,0,0,0,1,0,1,1,0,0,1,0,0,0,1,0,1,0,0,0,0,0,1,1,0,0,0,0,0,0,0,0,0,1,0,0,2.7966849473,0,3.0238717604,0,0,11.482168397,10.167713696,8.8557395336,20.400662619,11.724299341,0,3.0714270057,7
3.860915,1240210,287,0,0,1,0,0,0,0,0,0,0,0,0,0,0,0,1,0,0,0,1,0,1,0,0,0,0,1,0,1,1,1,0,1,1,0,0,0,0,0,1,1,0,0,0,0,0,3.3913998776,0,0,1,2.9949189991,0,0,10.228550361,8.5071086764,8.3609990245,18.427721333,11.096510538,1,3.6168458431,4
4.083047,909716,230,0,0,0,0,0,0,0,1,0,0,0,0,0,0,0,0,0,1,1,1,0,0,1,1,0,0,1,0,0,1,0,0,0,0,1,0,0,0,0,0,0,0,0,1,0.635086,0,0,0,0,0,3.0394636924,0,0,10.003834798,9.1063448433,9.204390565,21.518247244,10.79405744,0,4.4896574549,6
4.461246,1240166,288,0,0,0,0,0,0,1,1,0,0,0,0,0,0,0,1,0,0,0,1,0,0,0,0,0,0,1,0,1,0,0,0,0,0,0,0,0,0,1,0,0,0,0,0,0,1,0,0,2.7966849473,0,3.0238717604,0,0,11.482168397,10.167713696,8.8557395336,20.400662619,11.724299341,0,4.3248053817,5
2.128707,909720,222,0,0,0,0,0,0,0,0,0,0,0,0,0,0,0,0,0,0,0,0,0,0,0,0,0,0,1,0,1,0,0,0,0,1,0,0,0,0,0,1,0,0,0,0,0,0,0,0,0,0,3.0099116771,0,0,9.0894024505,8.2986888893,8.1706134297,17.631371436,12.114078001,0,2.307334988,5
0.499473,910784,184,0,0,0,0,0,0,0,0,0,0,0,0,0,0,0,0,0,0,0,0,0,0,0,0,0,0,1,0,1,0,0,0,0,0,1,1,0,0,0,1,0,0,0,0,0,0,3.1694195397,0,0,0,2.7731873637,0,0,9.4480264448,8.1521646816,8.3427107252,19.196949072,9.0332286474,0,-0.697067442,5
1.420474,909720,119,0,0,0,0,0,0,0,1,0,0,0,1,0,0,1,1,1,0,0,1,1,1,1,0,0,0,1,0,1,0,1,0,1,0,0,0,0,0,0,0,0,0,0,0,0,0,0,0,0,0,3.0099116771,0,0,9.0894024505,8.2986888893,8.1706134297,17.631371436,12.114078001,0,2.0754056278,6
2.871458,1240210,305,0,0,0,0,0,0,0,0,0,0,0,0,0,0,0,0,0,0,0,1,0,0,1,0,0,0,1,0,1,1,1,0,0,0,0,0,0,0,0,0,0,0,0,0,0,0,3.3913998776,0,0,1,2.9949189991,0,0,10.228550361,8.5071086764,8.3609990245,18.427721333,11.096510538,1,3.4035375858,7
1.427212,909759,1019,1,1,0,0,0,0,1,1,0,0,0,0,0,0,0,1,0,0,0,1,0,1,1,0,0,0,1,1,0,0,0,0,0,0,0,0,0,0,0,1,0,0,0,0,0,0,0,0,0,0,3.0146730322,0,0,9.237139029,8.4702744104,7.4905298784,18.879786744,11.507563933,0,1.0341205914,7
3.768156,1240166,262,0,1,0,0,0,0,0,0,0,0,0,0,1,0,0,0,0,0,0,1,1,1,1,0,0,0,1,0,1,0,1,0,1,1,0,0,0,0,1,1,0,0,0,0,0,1,0,0,2.7966849473,0,3.0238717604,0,0,11.482168397,10.167713696,8.8557395336,20.400662619,11.724299341,0,3.2966691525,8
1.290042,909716,1053,1,0,0,0,0,0,0,0,0,0,0,0,0,0,0,0,0,1,1,1,0,0,1,0,0,0,1,0,1,0,0,0,0,1,1,0,0,0,0,0,0,0,0,1,0.635086,0,0,0,0,0,3.0394636924,0,0,10.003834798,9.1063448433,9.204390565,21.518247244,10.79405744,0,0.5586021345,7
1.410536,1240166,1038,1,0,0,0,0,0,0,0,1,1,0,0,0,0,1,0,0,0,1,1,0,1,1,0,0,0,1,0,0,1,1,0,1,1,0,0,0,1,0,0,1,0,0,0,0,1,0,0,2.7966849473,0,3.0238717604,0,0,11.482168397,10.167713696,8.8557395336,20.400662619,11.724299341,0,1.2929731497,5
4.426784,925343,257,0,0,0,0,1,0,0,0,0,0,0,0,0,0,0,0,1,0,0,1,1,0,0,0,0,1,1,0,1,0,1,0,1,1,0,0,0,0,0,1,0,0,0,0,0,1,0,0,0,1,2.9962981835,0,0,10.189126272,8.8162974431,8.2373848904,18.579263139,13.013508287,0,2.2192220899,10
1.404831,907298,178,0,0,0,0,0,0,1,0,0,0,0,0,0,0,0,0,0,0,0,1,0,1,0,0,0,0,1,0,1,1,1,0,0,0,0,0,0,0,0,1,0,0,0,0,0,0,0,0,0,0,2.976818149,0,0,11.151804899,8.4640050836,8.4112568406,19.341029083,9.6827849299,0,1.5523206902,10
-0.543618,1240215,273,0,0,0,0,0,0,1,1,0,0,0,0,0,0,0,1,0,0,0,1,0,1,0,0,0,0,1,0,1,0,0,0,0,0,0,0,0,0,0,0,0,0,0,0,0,0,6.5996007032,1,0,0,3.0662629843,0,0,9.7897319206,9.5000439039,8.3461885734,18.613933282,12.102026295,0,-0.012533187,6
4.61974,909732,326,0,0,0,0,0,0,0,0,0,0,0,0,0,0,0,0,0,0,0,0,0,0,0,0,0,0,1,0,1,0,0,0,1,0,0,0,0,0,0,1,0,0,0,0,0,0,0,0,0,1,2.973266203,0,0,10.857390724,8.2620767107,8.4660243758,21.864805491,10.66951928,0,4.09203062,10
3.132798,909720,294,0,0,0,1,1,0,0,0,0,0,0,0,0,0,0,0,0,0,0,1,0,0,0,0,0,0,1,0,1,0,0,0,1,0,0,0,0,0,1,0,0,0,0,0,0,0,0,0,0,0,3.0099116771,0,0,9.0894024505,8.2986888893,8.1706134297,17.631371436,12.114078001,0,3.107335761,5
3.7457,907298,275,0,0,0,0,0,0,0,1,0,0,0,0,0,0,0,1,0,0,0,1,0,1,1,0,0,0,1,0,1,0,0,0,0,1,1,0,0,0,0,1,0,0,0,0,0,0,0,0,0,0,2.976818149,0,0,11.151804899,8.4640050836,8.4112568406,19.341029083,9.6827849299,0,2.9506973972,5
4.466993,909732,1042,1,0,0,0,0,0,0,1,0,1,1,0,0,0,0,1,1,0,1,1,0,1,0,0,0,0,1,0,1,0,0,0,1,0,1,1,0,0,0,0,0,0,0,0,0,0,0,0,0,1,2.973266203,0,-3,10.857390724,8.2620767107,8.4660243758,21.864805491,10.66951928,0,3.9272188306,4
3.106543,909720,304,0,0,1,0,0,0,0,0,0,0,0,0,0,0,0,0,1,0,0,1,0,0,1,0,0,0,1,0,1,0,0,0,0,0,0,0,0,0,0,1,0,0,0,0,0,0,0,0,0,0,3.0099116771,0,0,9.0894024505,8.2986888893,8.1706134297,17.631371436,12.114078001,0,3.8957152695,2
2.624902,925343,1046,1,0,0,0,0,0,0,1,0,0,1,0,0,0,1,1,1,1,1,1,1,1,1,0,1,0,1,0,0,0,0,0,0,0,0,0,0,0,1,0,0,0,0,0,0,1,0,0,0,1,2.9962981835,0,0,10.189126272,8.8162974431,8.2373848904,18.579263139,13.013508287,0,2.0229925334,2
0.105175,909720,35,0,0,0,1,1,0,0,0,0,0,0,0,0,0,0,0,0,0,0,0,0,0,0,0,0,0,1,0,1,0,0,0,1,0,0,0,0,0,0,1,0,0,0,0,0,0,0,0,0,0,3.0099116771,0,0,9.0894024505,8.2986888893,8.1706134297,17.631371436,12.114078001,0,-0.240840413,6
-1.121724,909720,86,0,0,0,0,0,0,0,1,0,0,0,0,0,0,1,0,1,0,1,1,0,1,1,0,0,0,1,0,0,0,0,0,1,0,1,0,0,0,0,0,0,0,0,0,0,0,0,0,0,0,3.0099116771,0,0,9.0894024505,8.2986888893,8.1706134297,17.631371436,12.114078001,0,-1.025146779,10
-1.513271,1240215,1372,1,0,0,0,0,0,0,0,0,0,0,0,0,0,0,0,0,0,0,0,0,0,0,1,0,0,1,0,1,1,0,0,0,1,0,0,0,0,0,0,0,0,0,0,0,0,6.5996007032,1,0,0,3.0662629843,0,0,9.7897319206,9.5000439039,8.3461885734,18.613933282,12.102026295,0,-1.613923452,10
4.893303,909732,193,0,0,0,0,0,0,1,0,0,0,0,0,0,0,0,0,0,0,0,1,0,1,1,0,0,0,1,0,1,0,0,0,0,0,0,0,0,0,0,0,0,0,0,0,0,0,0,0,0,1,2.973266203,0,0,10.857390724,8.2620767107,8.4660243758,21.864805491,10.66951928,0,5.3258753869,7
2.5981550228,1240166,1014,1,0,1,0,1,0,0,0,0,0,0,0,0,0,0,0,0,0,0,0,0,0,0,0,0,0,1,0,0,0,0,0,0,0,0,0,0,0,1,1,0,0,0,0,0,1,0,0,2.7966849473,0,3.0238717604,0,0,11.482168397,10.167713696,8.8557395336,20.400662619,11.724299341,0,1.3858360536,3
2.465605,1240215,1030,1,0,0,0,0,0,0,0,1,0,0,0,0,1,0,0,0,0,0,1,0,1,1,0,0,0,1,0,0,1,1,0,1,1,0,0,0,1,0,0,1,0,0,0,0,0,6.5996007032,1,0,0,3.0662629843,0,0,9.7897319206,9.5000439039,8.3461885734,18.613933282,12.102026295,0,3.5810337339,5
-0.353161,907298,277,0,0,0,0,0,0,0,1,0,0,1,0,0,0,0,0,1,0,1,1,0,0,1,0,0,0,1,0,1,0,0,0,0,0,1,1,0,0,0,0,0,0,0,0,0,0,0,0,0,0,2.976818149,0,0,11.151804899,8.4640050836,8.4112568406,19.341029083,9.6827849299,0,1.2430544637,9
2.590186,909716,203,0,0,1,0,0,0,0,0,0,0,0,0,0,0,0,0,1,0,0,1,0,0,0,0,0,0,1,0,1,0,0,0,0,0,0,0,0,0,0,1,0,0,0,1,0.635086,0,0,0,0,0,3.0394636924,0,0,10.003834798,9.1063448433,9.204390565,21.518247244,10.79405744,0,3.163734367,6
1.226787,1240166,1023,1,0,0,0,0,0,0,1,0,0,0,0,0,0,0,0,0,0,1,1,0,0,1,0,0,0,1,0,0,0,1,0,0,0,0,0,0,0,0,1,0,0,0,0,0,1,0,0,2.7966849473,0,3.0238717604,0,0,11.482168397,10.167713696,8.8557395336,20.400662619,11.724299341,0,1.3952614771,2
3.130234,908127,306,0,0,0,0,0,0,0,0,0,0,0,0,0,0,0,1,0,0,0,0,0,0,0,0,0,0,1,0,1,0,0,0,1,0,0,0,1,0,0,0,0,0,0,1,1.27964,1,0,0,0,1,3.0421537126,0,0,10.037693787,8.9938650804,8.3185333971,19.139495065,12.828822864,0,2.9770394038,6
3.736631,909716,275,0,0,0,0,0,0,0,1,0,0,0,0,0,0,0,1,0,0,0,1,0,1,1,0,0,0,1,0,1,0,0,0,0,1,1,0,0,0,0,1,0,0,0,1,0.635086,0,0,0,0,0,3.0394636924,0,0,10.003834798,9.1063448433,9.204390565,21.518247244,10.79405744,0,5.7953488197,1
0.782389,1240215,1010,1,0,0,0,0,0,1,1,0,0,0,1,0,0,0,1,0,0,0,1,0,0,0,0,0,0,1,0,1,0,0,0,1,0,0,0,0,0,0,0,0,0,0,0,0,0,6.5996007032,1,0,0,3.0662629843,0,0,9.7897319206,9.5000439039,8.3461885734,18.613933282,12.102026295,0,1.4158687497,4
3.970791,909732,292,0,0,0,0,0,0,0,1,0,0,0,0,0,0,0,0,1,1,0,1,0,0,0,0,0,0,1,0,1,0,1,0,0,0,0,0,0,0,0,1,0,0,0,0,0,0,0,0,0,1,2.973266203,0,0,10.857390724,8.2620767107,8.4660243758,21.864805491,10.66951928,0,2.4315944685,6
1.287367,907298,202,0,0,0,0,1,0,0,1,0,1,0,0,0,0,1,0,0,0,0,1,1,1,1,0,0,0,1,0,1,0,1,0,1,0,0,0,0,1,0,1,0,0,0,0,0,0,0,0,0,0,2.976818149,0,0,11.151804899,8.4640050836,8.4112568406,19.341029083,9.6827849299,0,1.3101472692,1
3.183557,909720,345,0,0,0,0,0,0,0,1,0,0,1,0,0,0,0,0,1,0,1,1,0,0,0,0,1,0,1,0,1,0,1,0,0,0,0,0,0,0,0,0,0,0,0,0,0,0,0,0,0,0,3.0099116771,0,0,9.0894024505,8.2986888893,8.1706134297,17.631371436,12.114078001,0,4.3168631233,8
3.341692,909756,293,0,0,0,0,0,0,1,0,0,1,0,0,0,0,0,0,0,0,0,1,0,1,0,0,0,0,1,0,1,1,1,0,1,0,0,0,0,0,0,1,0,0,0,0,0,0,0,0,0,0,2.8475138,0,0,9.933029521,9.3930114186,8.4369559448,20.367287435,12.196426895,0,3.9488730174,2
1.195381,906999,1373,1,0,0,0,0,0,0,0,0,0,0,0,0,0,0,0,0,0,0,1,0,0,1,0,0,0,1,0,1,0,0,0,0,0,0,0,0,0,0,0,0,0.7194,3.6102271394,1,0.7194,1,7.3829576608,1,2.9446837949,1,3.0495934171,0,0,9.9476808172,9.3831420839,8.7083086013,23.755134442,11.830576137,2,1.2418625114,5
0.681449,907298,299,0,0,0,0,0,0,0,0,0,0,0,0,0,0,0,0,0,1,0,1,0,1,0,0,0,0,1,0,1,0,0,0,0,0,1,0,0,0,1,1,0,0,0,0,0,0,0,0,0,0,2.976818149,0,0,11.151804899,8.4640050836,8.4112568406,19.341029083,9.6827849299,0,0.8304227018,2
-2.173939,907298,1021,1,0,0,0,0,0,0,1,1,0,0,0,0,0,0,0,0,0,0,1,0,0,0,0,0,0,1,0,0,0,1,0,0,1,1,0,1,0,0,0,0,0,0,0,0,0,0,0,0,0,2.976818149,0,0,11.151804899,8.4640050836,8.4112568406,19.341029083,9.6827849299,0,-1.241095536,7
-0.144281,1299061,159,0,0,0,0,0,0,0,0,0,0,1,0,0,0,1,0,1,1,1,1,0,0,1,0,0,0,1,0,1,0,1,0,0,0,0,0,0,0,0,1,0,0,0,0,0,0,5.924603939,0,0,0,3.181275322,0,0,11.527623475,8.7989567731,8.2649243614,19.027614517,10.63934132,0,-0.562513876,7
3.02363,925343,277,0,0,0,0,0,0,0,1,0,0,1,0,0,0,0,0,1,0,1,1,0,0,1,0,0,0,1,0,1,0,0,0,0,0,1,1,0,0,0,0,0,0,0,0,0,1,0,0,0,1,2.9962981835,0,0,10.189126272,8.8162974431,8.2373848904,18.579263139,13.013508287,0,3.0340214811,9
4.588021,1299061,1061,1,0,0,0,0,0,0,0,0,0,0,0,0,0,0,0,0,0,0,1,0,0,0,0,0,0,1,0,1,0,0,0,1,0,0,0,0,0,0,1,0,0,0,0,0,0,5.924603939,0,0,0,3.181275322,0,0,11.527623475,8.7989567731,8.2649243614,19.027614517,10.63934132,0,3.9542691614,5
2.182328,909756,37,0,0,0,0,0,0,0,0,0,0,0,0,0,0,0,0,0,0,1,1,0,1,0,0,0,0,1,0,1,0,0,0,1,0,1,0,0,0,0,0,0,0,0,0,0,0,0,0,0,0,2.8475138,0,0,9.933029521,9.3930114186,8.4369559448,20.367287435,12.196426895,0,0.0200380324,2
0.158564,1299061,1242,1,0,0,0,0,0,0,0,0,1,1,0,0,0,0,0,0,0,1,1,0,1,0,0,0,0,1,0,0,0,1,0,0,0,0,0,0,1,1,0,0,0,0,0,0,0,5.924603939,0,0,0,3.181275322,0,0,11.527623475,8.7989567731,8.2649243614,19.027614517,10.63934132,0,-0.700151172,1
3.030379,1299061,1043,1,0,0,0,0,0,0,0,0,1,0,0,0,0,0,0,0,0,0,1,0,1,0,0,0,1,1,1,1,0,0,0,0,0,0,0,0,0,0,0,0,0,0,0,0,0,5.924603939,0,0,0,3.181275322,0,0,11.527623475,8.7989567731,8.2649243614,19.027614517,10.63934132,0,3.8459580896,8
-0.603396,1240215,1059,1,0,0,0,0,0,0,0,0,1,0,0,0,0,1,0,0,0,0,1,0,1,1,0,0,0,1,0,1,0,0,0,1,0,0,0,0,0,1,0,0,0,0,0,0,0,6.5996007032,1,0,0,3.0662629843,0,0,9.7897319206,9.5000439039,8.3461885734,18.613933282,12.102026295,0,0.169404037,7
2.320887,909756,226,0,0,0,0,0,0,0,0,0,0,0,0,0,0,1,0,1,0,1,1,0,0,1,0,0,0,1,0,1,0,0,0,0,1,1,0,0,0,0,0,0,0,0,0,0,0,0,0,0,0,2.8475138,0,0,9.933029521,9.3930114186,8.4369559448,20.367287435,12.196426895,0,2.1029671122,7
3.21391,971774,1054,1,0,0,0,0,0,0,0,0,0,0,0,0,0,0,0,0,0,1,1,0,0,0,0,0,0,1,0,1,1,0,0,0,1,0,0,0,0,0,1,1,0.807544,3.165283691,0,0.726215,1,3.4190544056,1,4.2084771202,1,3.0918643898,0,0,11.706620878,9.1123914875,8.9001265462,18.080785351,12.757518026,0,3.0631031925,2
-0.210725,971773,1010,1,0,0,0,0,0,1,1,0,0,0,1,0,0,0,1,0,0,0,1,0,0,0,0,0,0,1,0,1,0,0,0,1,0,0,0,0,0,0,0,0,0,0,0,0,0,0,0,0,0,2.9223297099,0,0,8.8816005533,8.4627762221,8.5256898879,18.752996197,9.9208505412,0,1.4158421255,2
2.157083,909732,1014,1,0,1,0,1,0,0,0,0,0,0,0,0,0,0,0,0,0,0,0,0,0,0,0,0,0,1,0,0,0,0,0,0,0,0,0,0,0,1,1,0,0,0,0,0,0,0,0,0,1,2.973266203,0,0,10.857390724,8.2620767107,8.4660243758,21.864805491,10.66951928,0,1.8542990953,1
2.69999,909720,329,0,0,0,0,0,0,0,1,0,0,0,0,0,0,0,0,0,1,0,1,0,0,0,0,0,0,1,0,0,1,1,0,1,0,0,0,0,0,0,0,0,0,0,0,0,0,0,0,0,0,3.0099116771,0,0,9.0894024505,8.2986888893,8.1706134297,17.631371436,12.114078001,0,3.5387757736,5
1.995945,1240210,277,0,0,0,0,0,0,0,1,0,0,1,0,0,0,0,0,1,0,1,1,0,0,1,0,0,0,1,0,1,0,0,0,0,0,1,1,0,0,0,0,0,0,0,0,0,0,3.3913998776,0,0,1,2.9949189991,0,0,10.228550361,8.5071086764,8.3609990245,18.427721333,11.096510538,1,2.2236414833,2
2.1241,909264,301,0,0,0,0,0,0,0,0,0,0,0,0,0,0,0,0,0,0,0,1,0,0,0,0,0,0,0,0,0,0,0,0,0,1,1,1,0,0,0,1,0,0,0,0,0,0,0,0,0,1,2.8489562007,0,0,10.179938953,8.755480529,8.5485372513,19.138951582,10.853599749,0,1.9672692872,7
3.178021,1240210,1015,1,1,0,0,0,0,0,1,0,0,0,0,0,0,0,0,0,0,0,1,0,0,0,0,0,0,1,0,0,1,1,0,0,0,0,0,0,0,0,0,0,0,0,0,0,0,3.3913998776,0,0,1,2.9949189991,0,0,10.228550361,8.5071086764,8.3609990245,18.427721333,11.096510538,1,3.3782190636,4
1.7189141187,971774,1014,1,0,1,0,1,0,0,0,0,0,0,0,0,0,0,0,0,0,0,0,0,0,0,0,0,0,1,0,0,0,0,0,0,0,0,0,0,0,1,1,0,0.807544,3.165283691,0,0.726215,1,3.4190544056,1,4.2084771202,1,3.0918643898,0,0,11.706620878,9.1123914875,8.9001265462,18.080785351,12.757518026,0,1.3784094628,2
4.327044,1240215,1042,1,0,0,0,0,0,0,1,0,1,1,0,0,0,0,1,1,0,1,1,0,1,0,0,0,0,1,0,1,0,0,0,1,0,1,1,0,0,0,0,0,0,0,0,0,0,6.5996007032,1,0,0,3.0662629843,0,0,9.7897319206,9.5000439039,8.3461885734,18.613933282,12.102026295,0,3.4108499212,9
-0.278874,925343,159,0,0,0,0,0,0,0,0,0,0,1,0,0,0,1,0,1,1,1,1,0,0,1,0,0,0,1,0,1,0,1,0,0,0,0,0,0,0,0,1,0,0,0,0,0,1,0,0,0,1,2.9962981835,0,0,10.189126272,8.8162974431,8.2373848904,18.579263139,13.013508287,0,0.0035539983,7
2.273405,1240166,1015,1,1,0,0,0,0,0,1,0,0,0,0,0,0,0,0,0,0,0,1,0,0,0,0,0,0,1,0,0,1,1,0,0,0,0,0,0,0,0,0,0,0,0,0,0,1,0,0,2.7966849473,0,3.0238717604,0,0,11.482168397,10.167713696,8.8557395336,20.400662619,11.724299341,0,2.1973009034,9
3.488158,925343,203,0,0,1,0,0,0,0,0,0,0,0,0,0,0,0,0,1,0,0,1,0,0,0,0,0,0,1,0,1,0,0,0,0,0,0,0,0,0,0,1,0,0,0,0,0,1,0,0,0,1,2.9962981835,0,0,10.189126272,8.8162974431,8.2373848904,18.579263139,13.013508287,0,2.8579857421,1
3.312634,909754,184,0,0,0,0,0,0,0,0,0,0,0,0,0,0,0,0,0,0,0,0,0,0,0,0,0,0,1,0,1,0,0,0,0,0,1,1,0,0,0,1,0,0.874992,3.482301125,2,1.249564,4,12.400271453,2,14.35521576,4,3.2239404416,0,0,10.807558704,8.9081237696,9.3022917015,24.001803288,16.699368639,2,3.6799215786,3
-1.772541,1299061,1372,1,0,0,0,0,0,0,0,0,0,0,0,0,0,0,0,0,0,0,0,0,0,0,1,0,0,1,0,1,1,0,0,0,1,0,0,0,0,0,0,0,0,0,0,0,0,5.924603939,0,0,0,3.181275322,0,0,11.527623475,8.7989567731,8.2649243614,19.027614517,10.63934132,0,-1.043241027,10
3.295008,909716,221,0,0,0,0,0,0,0,0,0,0,0,0,0,0,1,0,0,0,0,1,0,0,1,0,0,0,1,0,1,0,1,0,0,0,0,0,0,0,0,0,0,0,0,1,0.635086,0,0,0,0,0,3.0394636924,0,0,10.003834798,9.1063448433,9.204390565,21.518247244,10.79405744,0,4.4408556393,9
1.206525,909759,5,0,0,0,0,0,0,0,1,0,0,0,0,0,0,0,0,0,0,1,1,0,0,0,0,0,0,1,0,0,1,1,0,0,1,0,0,0,0,0,1,0,0,0,0,0,0,0,0,0,0,3.0146730322,0,0,9.237139029,8.4702744104,7.4905298784,18.879786744,11.507563933,0,1.9606730735,4
3.655278,908127,262,0,1,0,0,0,0,0,0,0,0,0,0,1,0,0,0,0,0,0,1,1,1,1,0,0,0,1,0,1,0,1,0,1,1,0,0,0,0,1,1,0,0,0,1,1.27964,1,0,0,0,1,3.0421537126,0,0,10.037693787,8.9938650804,8.3185333971,19.139495065,12.828822864,0,3.4743605532,4
4.624192,909754,299,0,0,0,0,0,0,0,0,0,0,0,0,0,0,0,0,0,1,0,1,0,1,0,0,0,0,1,0,1,0,0,0,0,0,1,0,0,0,1,1,0,0.874992,3.482301125,2,1.249564,4,12.400271453,2,14.35521576,4,3.2239404416,0,0,10.807558704,8.9081237696,9.3022917015,24.001803288,16.699368639,2,5.5480574608,4
5.147134,908127,294,0,0,0,1,1,0,0,0,0,0,0,0,0,0,0,0,0,0,0,1,0,0,0,0,0,0,1,0,1,0,0,0,1,0,0,0,0,0,1,0,0,0,0,1,1.27964,1,0,0,0,1,3.0421537126,3.360290995,0,10.037693787,8.9938650804,8.3185333971,19.139495065,12.828822864,0,4.3253011462,8
0.378555,909756,38,0,1,0,0,1,0,1,1,0,1,0,0,0,0,0,0,0,0,0,1,0,1,0,0,0,0,1,0,1,0,0,0,1,0,0,0,0,0,0,1,0,0,0,0,0,0,0,0,0,0,2.8475138,0,0,9.933029521,9.3930114186,8.4369559448,20.367287435,12.196426895,0,1.1534141847,8
5.608862,909754,308,0,0,0,0,0,0,1,1,0,0,0,0,0,0,0,1,0,0,0,1,0,1,0,0,0,0,1,0,0,0,0,0,1,0,0,0,0,0,0,0,1,0.874992,3.482301125,2,1.249564,4,12.400271453,2,14.35521576,4,3.2239404416,0,0,10.807558704,8.9081237696,9.3022917015,24.001803288,16.699368639,2,5.0000588774,10
1.550504,909720,30,0,0,0,0,0,0,0,0,0,0,0,0,0,0,0,1,0,0,0,1,0,0,0,0,0,1,1,0,1,0,1,0,0,1,0,0,0,0,0,1,0,0,0,0,0,0,0,0,0,0,3.0099116771,0,0,9.0894024505,8.2986888893,8.1706134297,17.631371436,12.114078001,0,1.8004314696,7
2.381972,909716,254,0,0,0,1,0,0,0,0,0,0,0,0,0,0,0,1,1,0,0,1,0,0,0,0,0,0,1,0,1,1,0,0,1,0,0,0,0,0,0,1,0,0,0,1,0.635086,0,0,0,0,0,3.0394636924,0,0,10.003834798,9.1063448433,9.204390565,21.518247244,10.79405744,0,2.0583736797,2
-2.958626,971773,1057,1,0,0,0,0,0,0,1,0,0,0,0,0,0,1,0,1,0,1,1,0,0,1,0,0,0,1,1,1,0,0,0,0,1,0,0,0,0,0,1,0,0,0,0,0,0,0,0,0,0,2.9223297099,0,0,8.8816005533,8.4627762221,8.5256898879,18.752996197,9.9208505412,0,-2.907820948,5
2.596307,908127,235,0,0,0,0,0,0,0,1,0,0,0,0,0,0,1,0,1,0,1,1,1,0,1,0,0,0,1,0,0,0,1,0,0,1,1,0,0,0,0,0,0,0,0,1,1.27964,1,0,0,0,1,3.0421537126,0,0,10.037693787,8.9938650804,8.3185333971,19.139495065,12.828822864,0,0.8766963007,7
0.417795,971774,1060,1,0,0,0,0,0,0,1,0,0,0,0,0,0,0,0,0,0,0,1,0,0,0,0,0,0,1,0,0,1,1,0,0,0,0,0,0,0,1,0,0,0.807544,3.165283691,0,0.726215,1,3.4190544056,1,4.2084771202,1,3.0918643898,0,0,11.706620878,9.1123914875,8.9001265462,18.080785351,12.757518026,0,1.3253878447,10
2.096741,909264,207,0,0,0,1,0,0,0,0,0,0,0,0,0,0,0,0,0,0,0,1,0,0,0,0,0,0,1,1,1,0,0,0,0,0,0,0,0,0,0,0,0,0,0,0,0,0,0,0,0,1,2.8489562007,0,0,10.179938953,8.755480529,8.5485372513,19.138951582,10.853599749,0,2.0830039607,4
4.750391,909756,290,0,0,0,0,0,0,0,0,0,0,0,0,0,0,0,0,0,0,0,1,0,0,0,0,0,0,0,1,0,1,1,0,0,0,0,0,0,0,0,0,0,0,0,0,0,0,0,0,0,0,2.8475138,0,0,9.933029521,9.3930114186,8.4369559448,20.367287435,12.196426895,0,4.9844920823,9
3.003604,909264,249,0,0,0,0,0,0,1,1,0,0,0,0,0,0,0,1,0,0,0,1,0,1,0,0,0,0,1,0,0,0,0,0,0,0,0,0,0,0,0,0,1,0,0,0,0,0,0,0,0,1,2.8489562007,0,0,10.179938953,8.755480529,8.5485372513,19.138951582,10.853599749,0,3.4750990048,10
-2.100879,910784,308,0,0,0,0,0,0,1,1,0,0,0,0,0,0,0,1,0,0,0,1,0,1,0,0,0,0,1,0,0,0,0,0,1,0,0,0,0,0,0,0,1,0,0,0,0,0,3.1694195397,0,0,0,2.7731873637,0,0,9.4480264448,8.1521646816,8.3427107252,19.196949072,9.0332286474,0,0.1966966726,4
2.811048,909732,54,0,0,0,0,0,0,0,1,0,0,0,0,0,0,0,1,0,0,0,1,0,0,0,0,0,0,1,0,1,0,0,0,0,0,0,0,0,0,1,0,0,0,0,0,0,0,0,0,0,1,2.973266203,0,0,10.857390724,8.2620767107,8.4660243758,21.864805491,10.66951928,0,3.8587804958,6
1.681072,909754,312,0,1,0,0,0,0,1,1,0,0,0,0,0,0,0,1,0,0,0,1,0,1,0,0,0,0,1,0,1,1,0,0,0,0,0,0,0,0,0,0,0,0.874992,3.482301125,2,1.249564,4,12.400271453,2,14.35521576,4,3.2239404416,0,0,10.807558704,8.9081237696,9.3022917015,24.001803288,16.699368639,2,2.6743128025,8
5.328162,909754,106,0,0,0,0,1,0,0,1,0,0,0,0,0,0,0,0,0,0,0,1,0,0,0,0,0,0,1,0,1,1,1,0,1,1,0,0,0,0,0,1,0,0.874992,3.482301125,2,1.249564,4,12.400271453,2,14.35521576,4,3.2239404416,0,0,10.807558704,8.9081237696,9.3022917015,24.001803288,16.699368639,2,5.6885218043,1
2.763705,909756,299,0,0,0,0,0,0,0,0,0,0,0,0,0,0,0,0,0,1,0,1,0,1,0,0,0,0,1,0,1,0,0,0,0,0,1,0,0,0,1,1,0,0,0,0,0,0,0,0,0,0,2.8475138,0,0,9.933029521,9.3930114186,8.4369559448,20.367287435,12.196426895,0,2.0018048969,4
0.445136,1240210,1372,1,0,0,0,0,0,0,0,0,0,0,0,0,0,0,0,0,0,0,0,0,0,0,1,0,0,1,0,1,1,0,0,0,1,0,0,0,0,0,0,0,0,0,0,0,0,3.3913998776,0,0,1,2.9949189991,0,0,10.228550361,8.5071086764,8.3609990245,18.427721333,11.096510538,1,0.4814037974,7
5.342702,906999,263,0,0,0,0,0,0,0,0,0,0,0,0,0,0,0,0,0,0,0,1,0,0,1,0,0,0,1,0,0,0,0,0,0,0,1,1,0,0,0,0,0,0.7194,3.6102271394,1,0.7194,1,7.3829576608,1,2.9446837949,1,3.0495934171,0,0,9.9476808172,9.3831420839,8.7083086013,23.755134442,11.830576137,2,5.6106628727,8
4.493555,925343,206,0,0,0,0,0,0,0,0,0,0,0,0,0,0,0,0,0,0,0,1,0,0,0,0,0,0,1,1,1,0,0,0,0,0,1,0,0,0,0,0,0,0,0,0,0,1,0,0,0,1,2.9962981835,0,0,10.189126272,8.8162974431,8.2373848904,18.579263139,13.013508287,0,4.7235929285,10
-3.666724,909759,87,0,0,1,0,0,0,1,0,0,0,1,0,0,0,0,1,0,0,1,1,0,1,0,0,0,0,1,0,1,0,0,0,0,0,0,0,0,1,0,1,0,0,0,0,0,0,0,0,0,0,3.0146730322,0,0,9.237139029,8.4702744104,7.4905298784,18.879786744,11.507563933,0,-3.9996115,10
-1.305162,909756,86,0,0,0,0,0,0,0,1,0,0,0,0,0,0,1,0,1,0,1,1,0,1,1,0,0,0,1,0,0,0,0,0,1,0,1,0,0,0,0,0,0,0,0,0,0,0,0,0,0,0,2.8475138,0,0,9.933029521,9.3930114186,8.4369559448,20.367287435,12.196426895,0,-1.884737348,8
2.446274,909754,53,0,0,0,0,0,0,0,0,0,0,0,1,0,0,0,0,0,0,0,1,0,0,0,0,0,0,1,0,1,0,0,0,0,0,0,0,0,0,1,0,0,0.874992,3.482301125,2,1.249564,4,12.400271453,2,14.35521576,4,3.2239404416,0,0,10.807558704,8.9081237696,9.3022917015,24.001803288,16.699368639,2,2.4094925264,2
3.316668,1240215,309,0,0,0,0,0,0,0,0,0,0,0,0,0,0,0,0,0,1,0,1,0,0,1,0,0,0,1,0,1,0,1,0,0,0,0,0,0,0,0,0,0,0,0,0,0,0,6.5996007032,1,0,0,3.0662629843,0,0,9.7897319206,9.5000439039,8.3461885734,18.613933282,12.102026295,0,4.5029615387,2
0.612453,909759,38,0,1,0,0,1,0,1,1,0,1,0,0,0,0,0,0,0,0,0,1,0,1,0,0,0,0,1,0,1,0,0,0,1,0,0,0,0,0,0,1,0,0,0,0,0,0,0,0,0,0,3.0146730322,0,0,9.237139029,8.4702744104,7.4905298784,18.879786744,11.507563933,0,0.6201987475,9
1.757619,1240215,306,0,0,0,0,0,0,0,0,0,0,0,0,0,0,0,1,0,0,0,0,0,0,0,0,0,0,1,0,1,0,0,0,1,0,0,0,1,0,0,0,0,0,0,0,0,0,6.5996007032,1,0,0,3.0662629843,0,0,9.7897319206,9.5000439039,8.3461885734,18.613933282,12.102026295,0,2.2260057139,7
5.288915,909732,263,0,0,0,0,0,0,0,0,0,0,0,0,0,0,0,0,0,0,0,1,0,0,1,0,0,0,1,0,0,0,0,0,0,0,1,1,0,0,0,0,0,0,0,0,0,0,0,0,0,1,2.973266203,0,0,10.857390724,8.2620767107,8.4660243758,21.864805491,10.66951928,0,5.3358058009,7
4.4188,909754,273,0,0,0,0,0,0,1,1,0,0,0,0,0,0,0,1,0,0,0,1,0,1,0,0,0,0,1,0,1,0,0,0,0,0,0,0,0,0,0,0,0,0.874992,3.482301125,2,1.249564,4,12.400271453,2,14.35521576,4,3.2239404416,0,0,10.807558704,8.9081237696,9.3022917015,24.001803288,16.699368639,2,3.6614258822,6
5.659505,909716,193,0,0,0,0,0,0,1,0,0,0,0,0,0,0,0,0,0,0,0,1,0,1,1,0,0,0,1,0,1,0,0,0,0,0,0,0,0,0,0,0,0,0,0,1,0.635086,0,0,0,0,0,3.0394636924,0,0,10.003834798,9.1063448433,9.204390565,21.518247244,10.79405744,0,5.3052584367,7
4.778203,971774,1373,1,0,0,0,0,0,0,0,0,0,0,0,0,0,0,0,0,0,0,1,0,0,1,0,0,0,1,0,1,0,0,0,0,0,0,0,0,0,0,0,0,0.807544,3.165283691,0,0.726215,1,3.4190544056,1,4.2084771202,1,3.0918643898,0,0,11.706620878,9.1123914875,8.9001265462,18.080785351,12.757518026,0,4.7338831776,9
2.528554,909720,275,0,0,0,0,0,0,0,1,0,0,0,0,0,0,0,1,0,0,0,1,0,1,1,0,0,0,1,0,1,0,0,0,0,1,1,0,0,0,0,1,0,0,0,0,0,0,0,0,0,0,3.0099116771,0,0,9.0894024505,8.2986888893,8.1706134297,17.631371436,12.114078001,0,2.3850064023,5
5.946649,925343,290,0,0,0,0,0,0,0,0,0,0,0,0,0,0,0,0,0,0,0,1,0,0,0,0,0,0,0,1,0,1,1,0,0,0,0,0,0,0,0,0,0,0,0,0,0,1,0,0,0,1,2.9962981835,0,0,10.189126272,8.8162974431,8.2373848904,18.579263139,13.013508287,0,5.420865811,2
0.856135,909759,306,0,0,0,0,0,0,0,0,0,0,0,0,0,0,0,1,0,0,0,0,0,0,0,0,0,0,1,0,1,0,0,0,1,0,0,0,1,0,0,0,0,0,0,0,0,0,0,0,0,0,3.0146730322,0,0,9.237139029,8.4702744104,7.4905298784,18.879786744,11.507563933,0,2.1048607496,4
0.900617,909720,1029,1,0,0,0,0,0,0,1,0,0,0,0,0,0,0,0,1,0,1,1,0,0,1,0,0,0,1,0,1,1,1,0,0,0,0,0,0,0,0,0,0,0,0,0,0,0,0,0,0,0,3.0099116771,0,0,9.0894024505,8.2986888893,8.1706134297,17.631371436,12.114078001,0,1.4382435881,3
3.186397,909759,203,0,0,1,0,0,0,0,0,0,0,0,0,0,0,0,0,1,0,0,1,0,0,0,0,0,0,1,0,1,0,0,0,0,0,0,0,0,0,0,1,0,0,0,0,0,0,0,0,0,0,3.0146730322,0,0,9.237139029,8.4702744104,7.4905298784,18.879786744,11.507563933,0,3.1539524867,4
0.206248,907298,222,0,0,0,0,0,0,0,0,0,0,0,0,0,0,0,0,0,0,0,0,0,0,0,0,0,0,1,0,1,0,0,0,0,1,0,0,0,0,0,1,0,0,0,0,0,0,0,0,0,0,2.976818149,0,0,11.151804899,8.4640050836,8.4112568406,19.341029083,9.6827849299,0,1.8431179743,2
2.949993,925343,202,0,0,0,0,1,0,0,1,0,1,0,0,0,0,1,0,0,0,0,1,1,1,1,0,0,0,1,0,1,0,1,0,1,0,0,0,0,1,0,1,0,0,0,0,0,1,0,0,0,1,2.9962981835,0,0,10.189126272,8.8162974431,8.2373848904,18.579263139,13.013508287,0,1.3103848392,3
-0.240486,910784,299,0,0,0,0,0,0,0,0,0,0,0,0,0,0,0,0,0,1,0,1,0,1,0,0,0,0,1,0,1,0,0,0,0,0,1,0,0,0,1,1,0,0,0,0,0,0,3.1694195397,0,0,0,2.7731873637,0,0,9.4480264448,8.1521646816,8.3427107252,19.196949072,9.0332286474,0,0.1288736934,5
2.685247,1299061,1038,1,0,0,0,0,0,0,0,1,1,0,0,0,0,1,0,0,0,1,1,0,1,1,0,0,0,1,0,0,1,1,0,1,1,0,0,0,1,0,0,1,0,0,0,0,0,5.924603939,0,0,0,3.181275322,0,0,11.527623475,8.7989567731,8.2649243614,19.027614517,10.63934132,0,1.2793687246,5
4.102919,909759,219,0,0,0,0,0,0,0,0,0,0,0,0,0,0,0,0,0,0,0,1,0,0,0,0,0,0,1,0,0,1,0,1,0,1,1,0,0,0,0,1,0,0,0,0,0,0,0,0,0,0,3.0146730322,0,0,9.237139029,8.4702744104,7.4905298784,18.879786744,11.507563933,0,2.2893919611,7
-1.181181,909754,1057,1,0,0,0,0,0,0,1,0,0,0,0,0,0,1,0,1,0,1,1,0,0,1,0,0,0,1,1,1,0,0,0,0,1,0,0,0,0,0,1,0,0.874992,3.482301125,2,1.249564,4,12.400271453,2,14.35521576,4,3.2239404416,0,0,10.807558704,8.9081237696,9.3022917015,24.001803288,16.699368639,2,0.087639854,6
5.536471,909754,235,0,0,0,0,0,0,0,1,0,0,0,0,0,0,1,0,1,0,1,1,1,0,1,0,0,0,1,0,0,0,1,0,0,1,1,0,0,0,0,0,0,0.874992,3.482301125,2,1.249564,4,12.400271453,2,14.35521576,4,3.2239404416,0,0,10.807558704,8.9081237696,9.3022917015,24.001803288,16.699368639,2,4.5926843503,1
3.599331,1240166,282,0,0,0,0,1,0,0,1,0,0,0,1,0,0,0,0,0,0,0,1,0,1,1,0,0,0,1,1,0,0,1,0,1,0,0,0,0,0,0,0,0,0,0,0,0,1,0,0,2.7966849473,0,3.0238717604,0,0,11.482168397,10.167713696,8.8557395336,20.400662619,11.724299341,0,3.427045563,9
4.036898,909264,176,0,0,0,0,0,1,0,0,1,0,1,0,0,1,0,0,0,0,1,1,0,1,0,0,0,0,1,0,0,0,0,0,0,0,0,0,0,0,1,0,0,0,0,0,0,0,0,0,0,1,2.8489562007,0,0,10.179938953,8.755480529,8.5485372513,19.138951582,10.853599749,0,3.5430841233,9
5.106849,909732,305,0,0,0,0,0,0,0,0,0,0,0,0,0,0,0,0,0,0,0,1,0,0,1,0,0,0,1,0,1,1,1,0,0,0,0,0,0,0,0,0,0,0,0,0,0,0,0,0,0,1,2.973266203,0,0,10.857390724,8.2620767107,8.4660243758,21.864805491,10.66951928,0,5.1237846276,8
1.844539,908127,219,0,0,0,0,0,0,0,0,0,0,0,0,0,0,0,0,0,0,0,1,0,0,0,0,0,0,1,0,0,1,0,1,0,1,1,0,0,0,0,1,0,0,0,1,1.27964,1,0,0,0,1,3.0421537126,0,0,10.037693787,8.9938650804,8.3185333971,19.139495065,12.828822864,0,1.9935661898,3
-0.197882,1240166,1010,1,0,0,0,0,0,1,1,0,0,0,1,0,0,0,1,0,0,0,1,0,0,0,0,0,0,1,0,1,0,0,0,1,0,0,0,0,0,0,0,0,0,0,0,0,1,0,0,2.7966849473,0,3.0238717604,0,0,11.482168397,10.167713696,8.8557395336,20.400662619,11.724299341,0,1.416495117,3
4.239181,1240215,288,0,0,0,0,0,0,1,1,0,0,0,0,0,0,0,1,0,0,0,1,0,0,0,0,0,0,1,0,1,0,0,0,0,0,0,0,0,0,1,0,0,0,0,0,0,0,6.5996007032,1,0,0,3.0662629843,0,0,9.7897319206,9.5000439039,8.3461885734,18.613933282,12.102026295,0,4.3073099713,8
2.896816,909264,277,0,0,0,0,0,0,0,1,0,0,1,0,0,0,0,0,1,0,1,1,0,0,1,0,0,0,1,0,1,0,0,0,0,0,1,1,0,0,0,0,0,0,0,0,0,0,0,0,0,1,2.8489562007,0,0,10.179938953,8.755480529,8.5485372513,19.138951582,10.853599749,0,2.2213875849,7
2.272255,909759,249,0,0,0,0,0,0,1,1,0,0,0,0,0,0,0,1,0,0,0,1,0,1,0,0,0,0,1,0,0,0,0,0,0,0,0,0,0,0,0,0,1,0,0,0,0,0,0,0,0,0,3.0146730322,0,0,9.237139029,8.4702744104,7.4905298784,18.879786744,11.507563933,0,3.4131629999,6
3.90742,924248,279,0,0,0,0,0,0,0,1,0,0,0,0,0,0,0,0,0,1,0,1,0,0,1,0,0,0,1,0,0,1,1,0,0,1,0,0,0,0,0,0,0,0,0,0,0.770379,0,0,0,4.9079778596,0,2.9762225287,0,0,10.286534739,8.7162113922,8.7121246012,21.756550177,14.591372756,0,3.9455349909,5
2.856598,908127,1028,1,0,0,0,0,0,0,0,0,0,0,0,0,0,0,0,0,0,0,1,0,0,1,0,0,0,1,0,1,1,1,0,0,0,0,0,0,0,0,0,0,0,0,1,1.27964,1,0,0,0,1,3.0421537126,0,0,10.037693787,8.9938650804,8.3185333971,19.139495065,12.828822864,0,3.1998282087,8
2.347276,908127,1054,1,0,0,0,0,0,0,0,0,0,0,0,0,0,0,0,0,0,1,1,0,0,0,0,0,0,1,0,1,1,0,0,0,1,0,0,0,0,0,1,1,0,0,1,1.27964,1,0,0,0,1,3.0421537126,0,0,10.037693787,8.9938650804,8.3185333971,19.139495065,12.828822864,0,2.692907223,10
1.64376,908127,226,0,0,0,0,0,0,0,0,0,0,0,0,0,0,1,0,1,0,1,1,0,0,1,0,0,0,1,0,1,0,0,0,0,1,1,0,0,0,0,0,0,0,0,1,1.27964,1,0,0,0,1,3.0421537126,0,0,10.037693787,8.9938650804,8.3185333971,19.139495065,12.828822864,0,1.7545973348,9
2.009911,908127,222,0,0,0,0,0,0,0,0,0,0,0,0,0,0,0,0,0,0,0,0,0,0,0,0,0,0,1,0,1,0,0,0,0,1,0,0,0,0,0,1,0,0,0,1,1.27964,1,0,0,0,1,3.0421537126,0,0,10.037693787,8.9938650804,8.3185333971,19.139495065,12.828822864,0,2.8131055567,1
2.998481,1240215,158,0,0,0,0,0,0,0,1,0,0,0,0,0,0,0,0,0,0,0,1,1,0,0,0,0,0,1,0,1,0,0,0,0,0,0,0,0,0,0,0,0,0,0,0,0,0,6.5996007032,1,0,0,3.0662629843,0,0,9.7897319206,9.5000439039,8.3461885734,18.613933282,12.102026295,0,1.7338241973,3
1.524236,907298,1049,1,0,0,0,0,0,0,0,0,0,0,0,0,0,0,0,0,0,1,1,0,1,1,0,0,0,1,0,1,0,0,0,0,0,0,0,0,0,0,0,0,0,0,0,0,0,0,0,0,0,2.976818149,0,0,11.151804899,8.4640050836,8.4112568406,19.341029083,9.6827849299,0,1.5092370782,9
1.090147,1240215,1050,1,0,0,0,0,0,1,1,0,0,0,0,0,0,0,1,0,0,0,1,0,0,0,0,0,0,1,0,1,0,1,0,1,0,0,0,0,0,0,0,0,0,0,0,0,0,6.5996007032,1,0,0,3.0662629843,0,0,9.7897319206,9.5000439039,8.3461885734,18.613933282,12.102026295,0,1.6995985853,1
2.60602,909716,1014,1,0,1,0,1,0,0,0,0,0,0,0,0,0,0,0,0,0,0,0,0,0,0,0,0,0,1,0,0,0,0,0,0,0,0,0,0,0,1,1,0,0,0,1,0.635086,0,0,0,0,0,3.0394636924,0,0,10.003834798,9.1063448433,9.204390565,21.518247244,10.79405744,0,2.0131781071,3
5.495584,907298,1043,1,0,0,0,0,0,0,0,0,1,0,0,0,0,0,0,0,0,0,1,0,1,0,0,0,1,1,1,1,0,0,0,0,0,0,0,0,0,0,0,0,0,0,0,0,0,0,0,0,0,2.976818149,0,0,11.151804899,8.4640050836,8.4112568406,19.341029083,9.6827849299,0,3.9892810797,10
0.164536,909756,312,0,1,0,0,0,0,1,1,0,0,0,0,0,0,0,1,0,0,0,1,0,1,0,0,0,0,1,0,1,1,0,0,0,0,0,0,0,0,0,0,0,0,0,0,0,0,0,0,0,0,2.8475138,0,0,9.933029521,9.3930114186,8.4369559448,20.367287435,12.196426895,0,-0.078527469,8
4.191159,907298,1039,1,0,0,0,0,0,0,0,0,1,0,0,0,0,0,0,0,0,0,1,0,1,1,0,0,1,1,0,0,0,1,0,0,0,0,0,0,1,1,0,1,0,0,0,0,0,0,0,0,0,2.976818149,0,0,11.151804899,8.4640050836,8.4112568406,19.341029083,9.6827849299,0,4.843837509,9
5.044334,1240215,230,0,0,0,0,0,0,0,1,0,0,0,0,0,0,0,0,0,1,1,1,0,0,1,1,0,0,1,0,0,1,0,0,0,0,1,0,0,0,0,0,0,0,0,0,0,0,6.5996007032,1,0,0,3.0662629843,0,0,9.7897319206,9.5000439039,8.3461885734,18.613933282,12.102026295,0,4.7274708665,1
4.410441,1240215,279,0,0,0,0,0,0,0,1,0,0,0,0,0,0,0,0,0,1,0,1,0,0,1,0,0,0,1,0,0,1,1,0,0,1,0,0,0,0,0,0,0,0,0,0,0,0,6.5996007032,1,0,0,3.0662629843,0,0,9.7897319206,9.5000439039,8.3461885734,18.613933282,12.102026295,0,4.4052699405,3
-3.212663,907298,283,0,0,0,0,0,0,0,1,0,0,0,0,0,0,1,0,1,0,1,1,0,1,1,0,0,0,1,0,0,0,0,0,0,0,1,0,0,0,0,1,0,0,0,0,0,0,0,0,0,0,2.976818149,0,0,11.151804899,8.4640050836,8.4112568406,19.341029083,9.6827849299,0,-2.791379414,3
0.405397,909754,1059,1,0,0,0,0,0,0,0,0,1,0,0,0,0,1,0,0,0,0,1,0,1,1,0,0,0,1,0,1,0,0,0,1,0,0,0,0,0,1,0,0,0.874992,3.482301125,2,1.249564,4,12.400271453,2,14.35521576,4,3.2239404416,0,2,10.807558704,8.9081237696,9.3022917015,24.001803288,16.699368639,2,0.1662903125,6
5.404973,906999,290,0,0,0,0,0,0,0,0,0,0,0,0,0,0,0,0,0,0,0,1,0,0,0,0,0,0,0,1,0,1,1,0,0,0,0,0,0,0,0,0,0,0.7194,3.6102271394,1,0.7194,1,7.3829576608,1,2.9446837949,1,3.0495934171,0,0,9.9476808172,9.3831420839,8.7083086013,23.755134442,11.830576137,2,5.640254847,10
3.578912,924248,287,0,0,1,0,0,0,0,0,0,0,0,0,0,0,0,1,0,0,0,1,0,1,0,0,0,0,1,0,1,1,1,0,1,1,0,0,0,0,0,1,1,0,0,0,0.770379,0,0,0,4.9079778596,0,2.9762225287,0,0,10.286534739,8.7162113922,8.7121246012,21.756550177,14.591372756,0,4.3618268186,3
0.710142,924248,185,0,0,0,0,0,0,0,1,0,0,0,0,0,0,0,0,0,1,0,1,0,0,1,0,0,0,1,0,1,0,0,0,0,0,0,0,0,0,1,1,0,0,0,0,0.770379,0,0,0,4.9079778596,0,2.9762225287,0,0,10.286534739,8.7162113922,8.7121246012,21.756550177,14.591372756,0,1.046144065,6
4.554624,924248,263,0,0,0,0,0,0,0,0,0,0,0,0,0,0,0,0,0,0,0,1,0,0,1,0,0,0,1,0,0,0,0,0,0,0,1,1,0,0,0,0,0,0,0,0,0.770379,0,0,0,4.9079778596,0,2.9762225287,0,0,10.286534739,8.7162113922,8.7121246012,21.756550177,14.591372756,0,4.4967213501,7
5.696655,909754,292,0,0,0,0,0,0,0,1,0,0,0,0,0,0,0,0,1,1,0,1,0,0,0,0,0,0,1,0,1,0,1,0,0,0,0,0,0,0,0,1,0,0.874992,3.482301125,2,1.249564,4,12.400271453,2,14.35521576,4,3.2239404416,0,0,10.807558704,8.9081237696,9.3022917015,24.001803288,16.699368639,2,4.570813727,6
-0.448194,908127,1022,1,0,0,0,0,0,0,0,0,0,0,0,0,0,0,0,0,0,0,1,0,0,1,0,0,0,1,0,1,1,0,0,0,1,0,0,1,0,0,1,0,0,0,1,1.27964,1,0,0,0,1,3.0421537126,0,0,10.037693787,8.9938650804,8.3185333971,19.139495065,12.828822864,0,-0.664076888,1
3.688288,910784,304,0,0,1,0,0,0,0,0,0,0,0,0,0,0,0,0,1,0,0,1,0,0,1,0,0,0,1,0,1,0,0,0,0,0,0,0,0,0,0,1,0,0,0,0,0,0,3.1694195397,0,0,0,2.7731873637,0,0,9.4480264448,8.1521646816,8.3427107252,19.196949072,9.0332286474,0,3.1907023425,4
1.391394,1240210,1037,1,0,0,0,0,0,0,0,0,0,0,0,0,0,0,0,0,0,0,0,0,0,0,0,0,0,1,0,1,0,1,0,0,1,0,0,0,0,0,0,0,0,0,0,0,0,3.3913998776,0,0,1,2.9949189991,0,0,10.228550361,8.5071086764,8.3609990245,18.427721333,11.096510538,1,1.2358256606,7
2.228847,1240210,207,0,0,0,1,0,0,0,0,0,0,0,0,0,0,0,0,0,0,0,1,0,0,0,0,0,0,1,1,1,0,0,0,0,0,0,0,0,0,0,0,0,0,0,0,0,0,3.3913998776,0,0,1,2.9949189991,0,0,10.228550361,8.5071086764,8.3609990245,18.427721333,11.096510538,1,2.0903857995,5
-0.359088,925343,273,0,0,0,0,0,0,1,1,0,0,0,0,0,0,0,1,0,0,0,1,0,1,0,0,0,0,1,0,1,0,0,0,0,0,0,0,0,0,0,0,0,0,0,0,0,1,0,0,0,1,2.9962981835,0,0,10.189126272,8.8162974431,8.2373848904,18.579263139,13.013508287,0,1.0303927535,4
3.02237,909756,252,0,0,0,0,0,0,0,0,0,0,0,0,0,0,0,0,0,0,0,0,0,0,0,0,0,0,1,0,1,0,1,0,0,0,0,0,0,0,0,1,0,0,0,0,0,0,0,0,0,0,2.8475138,0,0,9.933029521,9.3930114186,8.4369559448,20.367287435,12.196426895,0,1.3693385155,7
2.511062,909754,34,0,0,0,0,0,0,0,1,0,0,0,0,0,0,0,0,1,1,0,1,0,0,0,0,0,0,1,0,1,0,1,0,0,0,0,0,0,0,0,1,0,0.874992,3.482301125,2,1.249564,4,12.400271453,2,14.35521576,4,3.2239404416,0,0,10.807558704,8.9081237696,9.3022917015,24.001803288,16.699368639,2,4.570813727,4
5.668171,909754,1158,1,0,0,0,1,0,0,0,0,0,0,0,0,0,0,0,1,0,0,1,1,0,0,0,0,1,1,0,1,0,1,0,1,1,0,0,0,0,0,1,0,0.874992,3.482301125,2,1.249564,4,12.400271453,2,14.35521576,4,3.2239404416,0,0,10.807558704,8.9081237696,9.3022917015,24.001803288,16.699368639,2,4.4074501522,10
2.307985,909720,1030,1,0,0,0,0,0,0,0,1,0,0,0,0,1,0,0,0,0,0,1,0,1,1,0,0,0,1,0,0,1,1,0,1,1,0,0,0,1,0,0,1,0,0,0,0,0,0,0,0,0,3.0099116771,0,0,9.0894024505,8.2986888893,8.1706134297,17.631371436,12.114078001,0,3.4255752054,8
3.211896,1240166,287,0,0,1,0,0,0,0,0,0,0,0,0,0,0,0,1,0,0,0,1,0,1,0,0,0,0,1,0,1,1,1,0,1,1,0,0,0,0,0,1,1,0,0,0,0,1,0,0,2.7966849473,0,3.0238717604,0,0,11.482168397,10.167713696,8.8557395336,20.400662619,11.724299341,0,2.9810191704,5
1.717872,1240166,256,0,0,0,0,0,0,0,1,0,0,0,0,0,0,1,0,1,0,1,1,1,1,1,0,0,0,1,0,0,0,1,0,0,0,0,0,0,0,0,1,0,0,0,0,0,1,0,0,2.7966849473,0,3.0238717604,0,0,11.482168397,10.167713696,8.8557395336,20.400662619,11.724299341,0,1.2921149918,6
1.846777,909716,1054,1,0,0,0,0,0,0,0,0,0,0,0,0,0,0,0,0,0,1,1,0,0,0,0,0,0,1,0,1,1,0,0,0,1,0,0,0,0,0,1,1,0,0,1,0.635086,0,0,0,0,0,3.0394636924,0,0,10.003834798,9.1063448433,9.204390565,21.518247244,10.79405744,0,1.9331660283,5
3.833386,909759,281,0,0,0,0,0,0,0,1,0,0,1,0,0,0,1,0,1,1,1,1,1,0,1,0,0,0,1,1,0,1,1,0,1,0,0,0,0,0,0,0,0,0,0,0,0,0,0,0,0,0,3.0146730322,0,0,9.237139029,8.4702744104,7.4905298784,18.879786744,11.507563933,0,4.0615784768,10
-0.363604,924248,83,0,0,0,0,0,0,0,1,0,0,0,0,0,0,1,0,1,0,1,1,1,0,1,0,0,0,1,0,0,0,1,0,0,1,0,0,0,0,0,1,0,0,0,0,0.770379,0,0,0,4.9079778596,0,2.9762225287,0,0,10.286534739,8.7162113922,8.7121246012,21.756550177,14.591372756,0,-2.140031139,6
2.975074,925343,1050,1,0,0,0,0,0,1,1,0,0,0,0,0,0,0,1,0,0,0,1,0,0,0,0,0,0,1,0,1,0,1,0,1,0,0,0,0,0,0,0,0,0,0,0,0,1,0,0,0,1,2.9962981835,0,0,10.189126272,8.8162974431,8.2373848904,18.579263139,13.013508287,0,1.4298212357,1
-1.401272,971773,83,0,0,0,0,0,0,0,1,0,0,0,0,0,0,1,0,1,0,1,1,1,0,1,0,0,0,1,0,0,0,1,0,0,1,0,0,0,0,0,1,0,0,0,0,0,0,0,0,0,0,2.9223297099,0,0,8.8816005533,8.4627762221,8.5256898879,18.752996197,9.9208505412,0,-2.495389805,4
4.619104,909754,37,0,0,0,0,0,0,0,0,0,0,0,0,0,0,0,0,0,0,1,1,0,1,0,0,0,0,1,0,1,0,0,0,1,0,1,0,0,0,0,0,0,0.874992,3.482301125,2,1.249564,4,12.400271453,2,14.35521576,4,3.2239404416,0,0,10.807558704,8.9081237696,9.3022917015,24.001803288,16.699368639,2,4.209610963,5
0.371039,909732,158,0,0,0,0,0,0,0,1,0,0,0,0,0,0,0,0,0,0,0,1,1,0,0,0,0,0,1,0,1,0,0,0,0,0,0,0,0,0,0,0,0,0,0,0,0,0,0,0,0,1,2.973266203,0,0,10.857390724,8.2620767107,8.4660243758,21.864805491,10.66951928,0,0.5401782409,2
1.648513,909732,178,0,0,0,0,0,0,1,0,0,0,0,0,0,0,0,0,0,0,0,1,0,1,0,0,0,0,1,0,1,1,1,0,0,0,0,0,0,0,0,1,0,0,0,0,0,0,0,0,0,1,2.973266203,0,0,10.857390724,8.2620767107,8.4660243758,21.864805491,10.66951928,0,2.4497991281,7
5.173125,1299061,176,0,0,0,0,0,1,0,0,1,0,1,0,0,1,0,0,0,0,1,1,0,1,0,0,0,0,1,0,0,0,0,0,0,0,0,0,0,0,1,0,0,0,0,0,0,0,5.924603939,0,0,0,3.181275322,0,0,11.527623475,8.7989567731,8.2649243614,19.027614517,10.63934132,0,4.7224600885,10
5.163829,924248,230,0,0,0,0,0,0,0,1,0,0,0,0,0,0,0,0,0,1,1,1,0,0,1,1,0,0,1,0,0,1,0,0,0,0,1,0,0,0,0,0,0,0,0,0,0.770379,0,0,0,4.9079778596,0,2.9762225287,0,0,10.286534739,8.7162113922,8.7121246012,21.756550177,14.591372756,0,5.2378095879,10
3.865958,909732,91,0,0,1,0,0,0,1,0,1,0,0,0,0,0,0,1,0,0,0,1,0,1,0,0,0,0,1,1,1,0,0,0,0,0,0,0,0,0,0,1,0,0,0,0,0,0,0,0,0,1,2.973266203,0,0,10.857390724,8.2620767107,8.4660243758,21.864805491,10.66951928,0,3.1922287585,1
4.038904,906999,281,0,0,0,0,0,0,0,1,0,0,1,0,0,0,1,0,1,1,1,1,1,0,1,0,0,0,1,1,0,1,1,0,1,0,0,0,0,0,0,0,0,0.7194,3.6102271394,1,0.7194,1,7.3829576608,1,2.9446837949,1,3.0495934171,0,0,9.9476808172,9.3831420839,8.7083086013,23.755134442,11.830576137,2,3.9816573008,6
3.044562,909716,294,0,0,0,1,1,0,0,0,0,0,0,0,0,0,0,0,0,0,0,1,0,0,0,0,0,0,1,0,1,0,0,0,1,0,0,0,0,0,1,0,0,0,0,1,0.635086,0,0,0,0,0,3.0394636924,0,0,10.003834798,9.1063448433,9.204390565,21.518247244,10.79405744,0,4.2193433812,10
0.934519,1240215,254,0,0,0,1,0,0,0,0,0,0,0,0,0,0,0,1,1,0,0,1,0,0,0,0,0,0,1,0,1,1,0,0,1,0,0,0,0,0,0,1,0,0,0,0,0,0,6.5996007032,1,0,0,3.0662629843,0,0,9.7897319206,9.5000439039,8.3461885734,18.613933282,12.102026295,0,2.1444168767,2
0.287834,1240215,157,0,0,0,0,0,0,0,0,0,0,0,0,0,0,0,0,0,0,0,1,0,0,0,0,0,0,1,0,1,0,0,0,1,0,0,0,0,0,0,0,0,0,0,0,0,0,6.5996007032,1,0,0,3.0662629843,0,0,9.7897319206,9.5000439039,8.3461885734,18.613933282,12.102026295,0,-1.790909463,1
3.574169,907298,1129,1,0,1,0,0,0,0,0,0,0,0,0,0,0,0,0,1,0,0,1,0,0,0,0,0,0,1,0,1,0,0,0,0,0,0,0,0,0,0,1,0,0,0,0,0,0,0,0,0,0,2.976818149,0,0,11.151804899,8.4640050836,8.4112568406,19.341029083,9.6827849299,0,3.1859327697,7
4.140244,909759,206,0,0,0,0,0,0,0,0,0,0,0,0,0,0,0,0,0,0,0,1,0,0,0,0,0,0,1,1,1,0,0,0,0,0,1,0,0,0,0,0,0,0,0,0,0,0,0,0,0,0,3.0146730322,0,0,9.237139029,8.4702744104,7.4905298784,18.879786744,11.507563933,0,2.7877349242,1
2.965441,1299061,1054,1,0,0,0,0,0,0,0,0,0,0,0,0,0,0,0,0,0,1,1,0,0,0,0,0,0,1,0,1,1,0,0,0,1,0,0,0,0,0,1,1,0,0,0,0,0,5.924603939,0,0,0,3.181275322,0,0,11.527623475,8.7989567731,8.2649243614,19.027614517,10.63934132,0,2.5078502533,8
0.836764,1240215,1049,1,0,0,0,0,0,0,0,0,0,0,0,0,0,0,0,0,0,1,1,0,1,1,0,0,0,1,0,1,0,0,0,0,0,0,0,0,0,0,0,0,0,0,0,0,0,6.5996007032,1,0,0,3.0662629843,0,0,9.7897319206,9.5000439039,8.3461885734,18.613933282,12.102026295,0,2.3747977753,1
-3.790158,909732,87,0,0,1,0,0,0,1,0,0,0,1,0,0,0,0,1,0,0,1,1,0,1,0,0,0,0,1,0,1,0,0,0,0,0,0,0,0,1,0,1,0,0,0,0,0,0,0,0,0,1,2.973266203,0,0,10.857390724,8.2620767107,8.4660243758,21.864805491,10.66951928,0,-3.223209554,8
6.085382,909754,1194,1,0,0,0,0,0,1,0,0,0,0,0,0,0,0,0,0,0,0,1,0,1,1,0,0,0,1,0,1,0,0,0,0,0,0,0,0,0,0,1,0,0.874992,3.482301125,2,1.249564,4,12.400271453,2,14.35521576,4,3.2239404416,0,0,10.807558704,8.9081237696,9.3022917015,24.001803288,16.699368639,2,5.1991388063,8
2.408188,909264,257,0,0,0,0,1,0,0,0,0,0,0,0,0,0,0,0,1,0,0,1,1,0,0,0,0,1,1,0,1,0,1,0,1,1,0,0,0,0,0,1,0,0,0,0,0,0,0,0,0,1,2.8489562007,0,0,10.179938953,8.755480529,8.5485372513,19.138951582,10.853599749,0,2.2123312544,1
2.297756,908127,1052,1,0,0,0,0,0,0,1,0,0,0,0,0,0,1,0,1,0,0,1,0,0,1,0,0,0,1,0,0,0,1,0,0,0,0,0,0,0,0,0,0,0,0,1,1.27964,1,0,0,0,1,3.0421537126,0,0,10.037693787,8.9938650804,8.3185333971,19.139495065,12.828822864,0,3.7559802534,10
3.136216,909720,230,0,0,0,0,0,0,0,1,0,0,0,0,0,0,0,0,0,1,1,1,0,0,1,1,0,0,1,0,0,1,0,0,0,0,1,0,0,0,0,0,0,0,0,0,0,0,0,0,0,0,3.0099116771,0,0,9.0894024505,8.2986888893,8.1706134297,17.631371436,12.114078001,0,3.5669312206,8
4.888275,925343,192,0,0,0,0,0,0,0,0,0,0,0,0,0,0,0,0,0,0,0,0,0,0,0,0,0,0,1,0,0,0,0,0,0,0,0,0,0,0,0,0,0,0,0,0,0,1,0,0,0,1,2.9962981835,0,0,10.189126272,8.8162974431,8.2373848904,18.579263139,13.013508287,0,4.5028599532,9
5.868832,909264,231,0,0,0,0,0,0,0,0,0,0,0,0,0,0,0,0,0,1,1,1,0,0,1,0,0,0,1,0,1,0,0,0,1,0,0,0,0,0,0,0,0,0,0,0,0,0,0,0,0,1,2.8489562007,0,0,10.179938953,8.755480529,8.5485372513,19.138951582,10.853599749,0,5.2600600112,2
2.535372,971773,279,0,0,0,0,0,0,0,1,0,0,0,0,0,0,0,0,0,1,0,1,0,0,1,0,0,0,1,0,0,1,1,0,0,1,0,0,0,0,0,0,0,0,0,0,0,0,0,0,0,0,2.9223297099,0,0,8.8816005533,8.4627762221,8.5256898879,18.752996197,9.9208505412,0,2.6838692159,7
2.83506,906999,222,0,0,0,0,0,0,0,0,0,0,0,0,0,0,0,0,0,0,0,0,0,0,0,0,0,0,1,0,1,0,0,0,0,1,0,0,0,0,0,1,0,0.7194,3.6102271394,1,0.7194,1,7.3829576608,1,2.9446837949,1,3.0495934171,0,0,9.9476808172,9.3831420839,8.7083086013,23.755134442,11.830576137,2,3.1042092117,9
-0.122891,906999,1372,1,0,0,0,0,0,0,0,0,0,0,0,0,0,0,0,0,0,0,0,0,0,0,1,0,0,1,0,1,1,0,0,0,1,0,0,0,0,0,0,0,0.7194,3.6102271394,1,0.7194,1,7.3829576608,1,2.9446837949,1,3.0495934171,0,0,9.9476808172,9.3831420839,8.7083086013,23.755134442,11.830576137,2,-0.023961769,7
4.216852,924248,257,0,0,0,0,1,0,0,0,0,0,0,0,0,0,0,0,1,0,0,1,1,0,0,0,0,1,1,0,1,0,1,0,1,1,0,0,0,0,0,1,0,0,0,0,0.770379,0,0,0,4.9079778596,0,2.9762225287,0,0,10.286534739,8.7162113922,8.7121246012,21.756550177,14.591372756,0,2.1963369948,8
1.225878,909756,202,0,0,0,0,1,0,0,1,0,1,0,0,0,0,1,0,0,0,0,1,1,1,1,0,0,0,1,0,1,0,1,0,1,0,0,0,0,1,0,1,0,0,0,0,0,0,0,0,0,0,2.8475138,0,0,9.933029521,9.3930114186,8.4369559448,20.367287435,12.196426895,0,1.3103905729,7
4.027606,910784,206,0,0,0,0,0,0,0,0,0,0,0,0,0,0,0,0,0,0,0,1,0,0,0,0,0,0,1,1,1,0,0,0,0,0,1,0,0,0,0,0,0,0,0,0,0,0,3.1694195397,0,0,0,2.7731873637,0,0,9.4480264448,8.1521646816,8.3427107252,19.196949072,9.0332286474,0,2.762319959,10
1.46937,909756,52,0,0,0,0,0,0,0,0,0,0,0,0,0,0,1,1,0,0,0,1,1,0,1,0,0,0,1,0,1,0,1,0,0,0,0,0,0,0,0,0,0,0,0,0,0,0,0,0,0,0,2.8475138,0,0,9.933029521,9.3930114186,8.4369559448,20.367287435,12.196426895,0,1.6670294788,1
-1.259154,909720,299,0,0,0,0,0,0,0,0,0,0,0,0,0,0,0,0,0,1,0,1,0,1,0,0,0,0,1,0,1,0,0,0,0,0,1,0,0,0,1,1,0,0,0,0,0,0,0,0,0,0,3.0099116771,0,0,9.0894024505,8.2986888893,8.1706134297,17.631371436,12.114078001,0,-1.670315267,1
-0.301616,925343,155,0,0,0,0,0,0,0,0,0,0,1,0,0,0,1,0,1,1,1,1,0,0,1,0,0,0,1,0,1,0,1,0,0,0,1,0,0,0,0,1,0,0,0,0,0,1,0,0,0,1,2.9962981835,0,0,10.189126272,8.8162974431,8.2373848904,18.579263139,13.013508287,0,-1.162927672,3
4.512413,909264,206,0,0,0,0,0,0,0,0,0,0,0,0,0,0,0,0,0,0,0,1,0,0,0,0,0,0,1,1,1,0,0,0,0,0,1,0,0,0,0,0,0,0,0,0,0,0,0,0,0,1,2.8489562007,0,0,10.179938953,8.755480529,8.5485372513,19.138951582,10.853599749,0,4.4675184473,10
2.729331,909732,260,0,0,0,0,0,0,0,0,0,1,1,0,0,0,0,0,1,1,1,1,0,1,0,0,0,1,1,0,1,0,1,0,0,0,0,0,0,0,0,1,0,0,0,0,0,0,0,0,0,1,2.973266203,0,-3,10.857390724,8.2620767107,8.4660243758,21.864805491,10.66951928,0,3.185673753,8
-3.851564,925343,1060,1,0,0,0,0,0,0,1,0,0,0,0,0,0,0,0,0,0,0,1,0,0,0,0,0,0,1,0,0,1,1,0,0,0,0,0,0,0,1,0,0,0,0,0,0,1,0,0,0,1,2.9962981835,0,0,10.189126272,8.8162974431,8.2373848904,18.579263139,13.013508287,0,-2.619160841,6
3.074343,909720,1049,1,0,0,0,0,0,0,0,0,0,0,0,0,0,0,0,0,0,1,1,0,1,1,0,0,0,1,0,1,0,0,0,0,0,0,0,0,0,0,0,0,0,0,0,0,0,0,0,0,0,3.0099116771,0,0,9.0894024505,8.2986888893,8.1706134297,17.631371436,12.114078001,0,3.1548974758,8
-0.147915,908127,1142,1,0,0,1,0,0,0,0,0,0,0,0,0,0,0,0,0,0,0,1,0,0,0,0,0,0,1,0,1,1,1,0,0,1,0,0,0,0,0,0,0,0,0,1,1.27964,1,0,0,0,1,3.0421537126,0,0,10.037693787,8.9938650804,8.3185333971,19.139495065,12.828822864,0,0.5887993552,3
-1.782953,910784,157,0,0,0,0,0,0,0,0,0,0,0,0,0,0,0,0,0,0,0,1,0,0,0,0,0,0,1,0,1,0,0,0,1,0,0,0,0,0,0,0,0,0,0,0,0,0,3.1694195397,0,0,0,2.7731873637,0,0,9.4480264448,8.1521646816,8.3427107252,19.196949072,9.0332286474,0,-1.869104139,4
1.734014,971773,1013,1,0,0,0,0,0,0,1,0,0,0,0,0,0,0,0,0,1,0,1,0,0,0,0,0,0,1,0,1,0,1,0,0,0,0,0,0,0,0,1,0,0,0,0,0,0,0,0,0,0,2.9223297099,0,0,8.8816005533,8.4627762221,8.5256898879,18.752996197,9.9208505412,0,1.4535383402,4
1.028093,910784,158,0,0,0,0,0,0,0,1,0,0,0,0,0,0,0,0,0,0,0,1,1,0,0,0,0,0,1,0,1,0,0,0,0,0,0,0,0,0,0,0,0,0,0,0,0,0,3.1694195397,0,0,0,2.7731873637,0,0,9.4480264448,8.1521646816,8.3427107252,19.196949072,9.0332286474,0,1.3363787352,2
-0.129832,909720,235,0,0,0,0,0,0,0,1,0,0,0,0,0,0,1,0,1,0,1,1,1,0,1,0,0,0,1,0,0,0,1,0,0,1,1,0,0,0,0,0,0,0,0,0,0,0,0,0,0,0,3.0099116771,0,0,9.0894024505,8.2986888893,8.1706134297,17.631371436,12.114078001,0,1.0148431203,3
4.466036,908127,1039,1,0,0,0,0,0,0,0,0,1,0,0,0,0,0,0,0,0,0,1,0,1,1,0,0,1,1,0,0,0,1,0,0,0,0,0,0,1,1,0,1,0,0,1,1.27964,1,0,0,0,1,3.0421537126,0,0,10.037693787,8.9938650804,8.3185333971,19.139495065,12.828822864,0,4.5753323038,3
3.73652,1240215,1194,1,0,0,0,0,0,1,0,0,0,0,0,0,0,0,0,0,0,0,1,0,1,1,0,0,0,1,0,1,0,0,0,0,0,0,0,0,0,0,1,0,0,0,0,0,0,6.5996007032,1,0,0,3.0662629843,0,0,9.7897319206,9.5000439039,8.3461885734,18.613933282,12.102026295,0,4.2361591178,3
2.75328,909756,282,0,0,0,0,1,0,0,1,0,0,0,1,0,0,0,0,0,0,0,1,0,1,1,0,0,0,1,1,0,0,1,0,1,0,0,0,0,0,0,0,0,0,0,0,0,0,0,0,0,0,2.8475138,0,0,9.933029521,9.3930114186,8.4369559448,20.367287435,12.196426895,0,2.3290548682,9
6.962081,909754,290,0,0,0,0,0,0,0,0,0,0,0,0,0,0,0,0,0,0,0,1,0,0,0,0,0,0,0,1,0,1,1,0,0,0,0,0,0,0,0,0,0,0.874992,3.482301125,2,1.249564,4,12.400271453,2,14.35521576,4,3.2239404416,0,0,10.807558704,8.9081237696,9.3022917015,24.001803288,16.699368639,2,6.8894338343,10
2.092568,909759,37,0,0,0,0,0,0,0,0,0,0,0,0,0,0,0,0,0,0,1,1,0,1,0,0,0,0,1,0,1,0,0,0,1,0,1,0,0,0,0,0,0,0,0,0,0,0,0,0,0,0,3.0146730322,0,0,9.237139029,8.4702744104,7.4905298784,18.879786744,11.507563933,0,0.0089565473,1
3.773728,908127,249,0,0,0,0,0,0,1,1,0,0,0,0,0,0,0,1,0,0,0,1,0,1,0,0,0,0,1,0,0,0,0,0,0,0,0,0,0,0,0,0,1,0,0,1,1.27964,1,0,0,0,1,3.0421537126,0,0,10.037693787,8.9938650804,8.3185333971,19.139495065,12.828822864,0,3.4025951736,4
5.125919,908127,309,0,0,0,0,0,0,0,0,0,0,0,0,0,0,0,0,0,1,0,1,0,0,1,0,0,0,1,0,1,0,1,0,0,0,0,0,0,0,0,0,0,0,0,1,1.27964,1,0,0,0,1,3.0421537126,0,0,10.037693787,8.9938650804,8.3185333971,19.139495065,12.828822864,0,5.6785693243,10
5.594507,906999,176,0,0,0,0,0,1,0,0,1,0,1,0,0,1,0,0,0,0,1,1,0,1,0,0,0,0,1,0,0,0,0,0,0,0,0,0,0,0,1,0,0,0.7194,3.6102271394,1,0.7194,1,7.3829576608,1,2.9446837949,1,3.0495934171,0,0,9.9476808172,9.3831420839,8.7083086013,23.755134442,11.830576137,2,4.0225122961,1
5.408189,906999,221,0,0,0,0,0,0,0,0,0,0,0,0,0,0,1,0,0,0,0,1,0,0,1,0,0,0,1,0,1,0,1,0,0,0,0,0,0,0,0,0,0,0.7194,3.6102271394,1,0.7194,1,7.3829576608,1,2.9446837949,1,3.0495934171,0,0,9.9476808172,9.3831420839,8.7083086013,23.755134442,11.830576137,2,4.4357688807,9
1.838226,909759,1061,1,0,0,0,0,0,0,0,0,0,0,0,0,0,0,0,0,0,0,1,0,0,0,0,0,0,1,0,1,0,0,0,1,0,0,0,0,0,0,1,0,0,0,0,0,0,0,0,0,0,3.0146730322,0,0,9.237139029,8.4702744104,7.4905298784,18.879786744,11.507563933,0,4.2500935316,2
3.399401,909720,56,0,0,0,0,1,0,0,0,0,1,0,0,0,0,1,1,0,0,0,1,0,1,1,0,0,0,1,0,1,0,0,0,1,0,0,0,0,0,0,1,0,0,0,0,0,0,0,0,0,0,3.0099116771,0,0,9.0894024505,8.2986888893,8.1706134297,17.631371436,12.114078001,0,0.8709612794,10
3.909271,971773,230,0,0,0,0,0,0,0,1,0,0,0,0,0,0,0,0,0,1,1,1,0,0,1,1,0,0,1,0,0,1,0,0,0,0,1,0,0,0,0,0,0,0,0,0,0,0,0,0,0,0,2.9223297099,0,0,8.8816005533,8.4627762221,8.5256898879,18.752996197,9.9208505412,0,3.7892097178,6
2.910773,909716,176,0,0,0,0,0,1,0,0,1,0,1,0,0,1,0,0,0,0,1,1,0,1,0,0,0,0,1,0,0,0,0,0,0,0,0,0,0,0,1,0,0,0,0,1,0.635086,0,0,0,0,0,3.0394636924,0,0,10.003834798,9.1063448433,9.204390565,21.518247244,10.79405744,0,4.4906267055,2
3.449115,971774,1023,1,0,0,0,0,0,0,1,0,0,0,0,0,0,0,0,0,0,1,1,0,0,1,0,0,0,1,0,0,0,1,0,0,0,0,0,0,0,0,1,0,0.807544,3.165283691,0,0.726215,1,3.4190544056,1,4.2084771202,1,3.0918643898,0,0,11.706620878,9.1123914875,8.9001265462,18.080785351,12.757518026,0,0.7459419186,1
0.25845,909732,184,0,0,0,0,0,0,0,0,0,0,0,0,0,0,0,0,0,0,0,0,0,0,0,0,0,0,1,0,1,0,0,0,0,0,1,1,0,0,0,1,0,0,0,0,0,0,0,0,0,1,2.973266203,0,0,10.857390724,8.2620767107,8.4660243758,21.864805491,10.66951928,0,-0.497347791,6
-3.447529,1240215,1057,1,0,0,0,0,0,0,1,0,0,0,0,0,0,1,0,1,0,1,1,0,0,1,0,0,0,1,1,1,0,0,0,0,1,0,0,0,0,0,1,0,0,0,0,0,0,6.5996007032,1,0,0,3.0662629843,0,0,9.7897319206,9.5000439039,8.3461885734,18.613933282,12.102026295,0,-3.632382984,4
6.054697,1240215,304,0,0,1,0,0,0,0,0,0,0,0,0,0,0,0,0,1,0,0,1,0,0,1,0,0,0,1,0,1,0,0,0,0,0,0,0,0,0,0,1,0,0,0,0,0,0,6.5996007032,1,0,0,3.0662629843,0,0,9.7897319206,9.5000439039,8.3461885734,18.613933282,12.102026295,0,3.892419461,6
2.409800402,1240210,1014,1,0,1,0,1,0,0,0,0,0,0,0,0,0,0,0,0,0,0,0,0,0,0,0,0,0,1,0,0,0,0,0,0,0,0,0,0,0,1,1,0,0,0,0,0,0,3.3913998776,0,0,1,2.9949189991,0,0,10.228550361,8.5071086764,8.3609990245,18.427721333,11.096510538,1,1.372483595,6
2.752901,1240215,275,0,0,0,0,0,0,0,1,0,0,0,0,0,0,0,1,0,0,0,1,0,1,1,0,0,0,1,0,1,0,0,0,0,1,1,0,0,0,0,1,0,0,0,0,0,0,6.5996007032,1,0,0,3.0662629843,0,0,9.7897319206,9.5000439039,8.3461885734,18.613933282,12.102026295,0,3.1330799025,5
0.916704,906999,283,0,0,0,0,0,0,0,1,0,0,0,0,0,0,1,0,1,0,1,1,0,1,1,0,0,0,1,0,0,0,0,0,0,0,1,0,0,0,0,1,0,0.7194,3.6102271394,1,0.7194,1,7.3829576608,1,2.9446837949,1,3.0495934171,0,0,9.9476808172,9.3831420839,8.7083086013,23.755134442,11.830576137,2,-0.258973353,10
6.111291,909754,1039,1,0,0,0,0,0,0,0,0,1,0,0,0,0,0,0,0,0,0,1,0,1,1,0,0,1,1,0,0,0,1,0,0,0,0,0,0,1,1,0,1,0.874992,3.482301125,2,1.249564,4,12.400271453,2,14.35521576,4,3.2239404416,0,2,10.807558704,8.9081237696,9.3022917015,24.001803288,16.699368639,2,5.2425101646,7
1.57367,909720,260,0,0,0,0,0,0,0,0,0,1,1,0,0,0,0,0,1,1,1,1,0,1,0,0,0,1,1,0,1,0,1,0,0,0,0,0,0,0,0,1,0,0,0,0,0,0,0,0,0,0,3.0099116771,0,0,9.0894024505,8.2986888893,8.1706134297,17.631371436,12.114078001,0,2.6533572337,2
1.830879,909756,302,0,0,0,0,0,0,0,0,0,0,0,0,0,0,0,0,0,0,0,1,0,0,0,0,0,0,1,0,1,1,1,0,1,1,0,0,0,0,1,0,0,0,0,0,0,0,0,0,0,0,2.8475138,0,0,9.933029521,9.3930114186,8.4369559448,20.367287435,12.196426895,0,2.2108840683,9
-1.339993,906999,157,0,0,0,0,0,0,0,0,0,0,0,0,0,0,0,0,0,0,0,1,0,0,0,0,0,0,1,0,1,0,0,0,1,0,0,0,0,0,0,0,0,0.7194,3.6102271394,1,0.7194,1,7.3829576608,1,2.9446837949,1,3.0495934171,0,0,9.9476808172,9.3831420839,8.7083086013,23.755134442,11.830576137,2,0.2925760438,3
3.49583,925343,222,0,0,0,0,0,0,0,0,0,0,0,0,0,0,0,0,0,0,0,0,0,0,0,0,0,0,1,0,1,0,0,0,0,1,0,0,0,0,0,1,0,0,0,0,0,1,0,0,0,1,2.9962981835,0,0,10.189126272,8.8162974431,8.2373848904,18.579263139,13.013508287,0,2.3278389673,4
0.777312,1240210,159,0,0,0,0,0,0,0,0,0,0,1,0,0,0,1,0,1,1,1,1,0,0,1,0,0,0,1,0,1,0,1,0,0,0,0,0,0,0,0,1,0,0,0,0,0,0,3.3913998776,0,0,1,2.9949189991,0,0,10.228550361,8.5071086764,8.3609990245,18.427721333,11.096510538,1,1.4720121479,6
2.928452,907298,304,0,0,1,0,0,0,0,0,0,0,0,0,0,0,0,0,1,0,0,1,0,0,1,0,0,0,1,0,1,0,0,0,0,0,0,0,0,0,0,1,0,0,0,0,0,0,0,0,0,0,2.976818149,0,0,11.151804899,8.4640050836,8.4112568406,19.341029083,9.6827849299,0,3.5002834558,9
1.998473,906999,1219,1,0,0,0,0,1,0,1,0,0,0,0,0,0,0,0,0,0,0,1,0,0,0,0,0,0,1,0,1,0,0,0,0,1,0,0,0,0,0,0,0,0.7194,3.6102271394,1,0.7194,1,7.3829576608,1,2.9446837949,1,3.0495934171,0,0,9.9476808172,9.3831420839,8.7083086013,23.755134442,11.830576137,2,1.4385170639,9
-3.101174,971773,283,0,0,0,0,0,0,0,1,0,0,0,0,0,0,1,0,1,0,1,1,0,1,1,0,0,0,1,0,0,0,0,0,0,0,1,0,0,0,0,1,0,0,0,0,0,0,0,0,0,0,2.9223297099,0,0,8.8816005533,8.4627762221,8.5256898879,18.752996197,9.9208505412,0,-3.834784083,7
1.73041,909754,158,0,0,0,0,0,0,0,1,0,0,0,0,0,0,0,0,0,0,0,1,1,0,0,0,0,0,1,0,1,0,0,0,0,0,0,0,0,0,0,0,0,0.874992,3.482301125,2,1.249564,4,12.400271453,2,14.35521576,4,3.2239404416,0,0,10.807558704,8.9081237696,9.3022917015,24.001803288,16.699368639,2,3.2092448337,5
2.851692,1299061,1203,1,0,0,0,0,0,0,1,0,0,0,0,0,0,1,0,1,0,1,1,1,0,1,0,0,0,1,0,0,0,1,0,0,0,0,0,0,0,0,0,0,0,0,0,0,0,5.924603939,0,0,0,3.181275322,0,0,11.527623475,8.7989567731,8.2649243614,19.027614517,10.63934132,0,1.4308024206,1
1.517257,909716,1242,1,0,0,0,0,0,0,0,0,1,1,0,0,0,0,0,0,0,1,1,0,1,0,0,0,0,1,0,0,0,1,0,0,0,0,0,0,1,1,0,0,0,0,1,0.635086,0,0,0,0,0,3.0394636924,0,0,10.003834798,9.1063448433,9.204390565,21.518247244,10.79405744,0,1.1829728936,4
2.120593,909756,177,0,0,0,0,0,0,0,0,0,0,1,0,0,0,1,0,0,1,1,1,0,1,1,0,0,0,1,0,1,0,1,0,0,0,0,0,0,0,1,0,0,0,0,0,0,0,0,0,0,0,2.8475138,0,0,9.933029521,9.3930114186,8.4369559448,20.367287435,12.196426895,0,2.4720984107,8
5.047587,1240166,309,0,0,0,0,0,0,0,0,0,0,0,0,0,0,0,0,0,1,0,1,0,0,1,0,0,0,1,0,1,0,1,0,0,0,0,0,0,0,0,0,0,0,0,0,0,1,0,0,2.7966849473,0,3.0238717604,0,0,11.482168397,10.167713696,8.8557395336,20.400662619,11.724299341,0,4.4981077054,9
-2.790015,909759,1372,1,0,0,0,0,0,0,0,0,0,0,0,0,0,0,0,0,0,0,0,0,0,0,1,0,0,1,0,1,1,0,0,0,1,0,0,0,0,0,0,0,0,0,0,0,0,0,0,0,0,3.0146730322,0,0,9.237139029,8.4702744104,7.4905298784,18.879786744,11.507563933,0,-2.18528635,1
-0.002561,1240210,312,0,1,0,0,0,0,1,1,0,0,0,0,0,0,0,1,0,0,0,1,0,1,0,0,0,0,1,0,1,1,0,0,0,0,0,0,0,0,0,0,0,0,0,0,0,0,3.3913998776,0,0,1,2.9949189991,0,0,10.228550361,8.5071086764,8.3609990245,18.427721333,11.096510538,1,-0.075210188,10
5.494769,909754,152,0,0,0,0,0,0,1,1,0,0,0,0,0,0,0,1,0,0,0,1,0,0,0,0,0,0,1,0,1,0,0,0,0,0,1,1,0,0,0,1,0,0.874992,3.482301125,2,1.249564,4,12.400271453,2,14.35521576,4,3.2239404416,0,0,10.807558704,8.9081237696,9.3022917015,24.001803288,16.699368639,2,5.6157901332,5
2.877184,925343,1219,1,0,0,0,0,1,0,1,0,0,0,0,0,0,0,0,0,0,0,1,0,0,0,0,0,0,1,0,1,0,0,0,0,1,0,0,0,0,0,0,0,0,0,0,0,1,0,0,0,1,2.9962981835,0,0,10.189126272,8.8162974431,8.2373848904,18.579263139,13.013508287,0,1.8365810535,5
1.912486,909716,329,0,0,0,0,0,0,0,1,0,0,0,0,0,0,0,0,0,1,0,1,0,0,0,0,0,0,1,0,0,1,1,0,1,0,0,0,0,0,0,0,0,0,0,1,0.635086,0,0,0,0,0,3.0394636924,0,0,10.003834798,9.1063448433,9.204390565,21.518247244,10.79405744,0,3.5485354603,3
-1.039853,909716,273,0,0,0,0,0,0,1,1,0,0,0,0,0,0,0,1,0,0,0,1,0,1,0,0,0,0,1,0,1,0,0,0,0,0,0,0,0,0,0,0,0,0,0,1,0.635086,0,0,0,0,0,3.0394636924,0,0,10.003834798,9.1063448433,9.204390565,21.518247244,10.79405744,0,0.3930949772,3
0.084063,1240215,252,0,0,0,0,0,0,0,0,0,0,0,0,0,0,0,0,0,0,0,0,0,0,0,0,0,0,1,0,1,0,1,0,0,0,0,0,0,0,0,1,0,0,0,0,0,0,6.5996007032,1,0,0,3.0662629843,0,0,9.7897319206,9.5000439039,8.3461885734,18.613933282,12.102026295,0,0.773869717,10
1.427646,909732,207,0,0,0,1,0,0,0,0,0,0,0,0,0,0,0,0,0,0,0,1,0,0,0,0,0,0,1,1,1,0,0,0,0,0,0,0,0,0,0,0,0,0,0,0,0,0,0,0,0,1,2.973266203,0,0,10.857390724,8.2620767107,8.4660243758,21.864805491,10.66951928,0,2.1695567797,4
0.164685,909732,1372,1,0,0,0,0,0,0,0,0,0,0,0,0,0,0,0,0,0,0,0,0,0,0,1,0,0,1,0,1,1,0,0,0,1,0,0,0,0,0,0,0,0,0,0,0,0,0,0,0,1,2.973266203,0,0,10.857390724,8.2620767107,8.4660243758,21.864805491,10.66951928,0,-1.241079929,10
2.540002,909759,185,0,0,0,0,0,0,0,1,0,0,0,0,0,0,0,0,0,1,0,1,0,0,1,0,0,0,1,0,1,0,0,0,0,0,0,0,0,0,1,1,0,0,0,0,0,0,0,0,0,0,3.0146730322,0,0,9.237139029,8.4702744104,7.4905298784,18.879786744,11.507563933,0,1.819023799,3
1.82442,908127,1219,1,0,0,0,0,1,0,1,0,0,0,0,0,0,0,0,0,0,0,1,0,0,0,0,0,0,1,0,1,0,0,0,0,1,0,0,0,0,0,0,0,0,0,1,1.27964,1,0,0,0,1,3.0421537126,0,0,10.037693787,8.9938650804,8.3185333971,19.139495065,12.828822864,0,1.4363266403,4
1.843809,1240166,207,0,0,0,1,0,0,0,0,0,0,0,0,0,0,0,0,0,0,0,1,0,0,0,0,0,0,1,1,1,0,0,0,0,0,0,0,0,0,0,0,0,0,0,0,0,1,0,0,2.7966849473,0,3.0238717604,0,0,11.482168397,10.167713696,8.8557395336,20.400662619,11.724299341,0,2.1402885108,1
4.346528,909716,262,0,1,0,0,0,0,0,0,0,0,0,0,1,0,0,0,0,0,0,1,1,1,1,0,0,0,1,0,1,0,1,0,1,1,0,0,0,0,1,1,0,0,0,1,0.635086,0,0,0,0,0,3.0394636924,0,0,10.003834798,9.1063448433,9.204390565,21.518247244,10.79405744,0,3.1019300852,6
4.950699,1240166,221,0,0,0,0,0,0,0,0,0,0,0,0,0,0,1,0,0,0,0,1,0,0,1,0,0,0,1,0,1,0,1,0,0,0,0,0,0,0,0,0,0,0,0,0,0,1,0,0,2.7966849473,0,3.0238717604,0,0,11.482168397,10.167713696,8.8557395336,20.400662619,11.724299341,0,4.4422357073,7
2.664512,909264,330,0,0,0,0,0,0,0,1,0,0,0,0,0,0,1,0,0,1,1,1,0,0,1,0,0,0,1,0,0,0,1,0,0,1,1,1,0,0,0,0,0,0,0,0,0,0,0,0,0,1,2.8489562007,0,0,10.179938953,8.755480529,8.5485372513,19.138951582,10.853599749,0,2.9354779563,2
1.321208,910784,1219,1,0,0,0,0,1,0,1,0,0,0,0,0,0,0,0,0,0,0,1,0,0,0,0,0,0,1,0,1,0,0,0,0,1,0,0,0,0,0,0,0,0,0,0,0,0,3.1694195397,0,0,0,2.7731873637,0,0,9.4480264448,8.1521646816,8.3427107252,19.196949072,9.0332286474,0,2.2847409315,8
5.226176,910784,263,0,0,0,0,0,0,0,0,0,0,0,0,0,0,0,0,0,0,0,1,0,0,1,0,0,0,1,0,0,0,0,0,0,0,1,1,0,0,0,0,0,0,0,0,0,0,3.1694195397,0,0,0,2.7731873637,0,0,9.4480264448,8.1521646816,8.3427107252,19.196949072,9.0332286474,0,5.3306209705,6
5.125856,909720,110,0,0,0,0,0,0,0,0,0,0,0,0,0,0,0,0,0,0,0,1,0,0,0,0,0,0,1,0,1,0,0,0,1,0,0,0,0,0,1,1,0,0,0,0,0,0,0,0,0,0,3.0099116771,0,0,9.0894024505,8.2986888893,8.1706134297,17.631371436,12.114078001,0,4.1644053014,4
1.14158,909732,1021,1,0,0,0,0,0,0,1,1,0,0,0,0,0,0,0,0,0,0,1,0,0,0,0,0,0,1,0,0,0,1,0,0,1,1,0,1,0,0,0,0,0,0,0,0,0,0,0,0,1,2.973266203,0,0,10.857390724,8.2620767107,8.4660243758,21.864805491,10.66951928,0,1.2316533947,5
3.689648,1240210,281,0,0,0,0,0,0,0,1,0,0,1,0,0,0,1,0,1,1,1,1,1,0,1,0,0,0,1,1,0,1,1,0,1,0,0,0,0,0,0,0,0,0,0,0,0,0,3.3913998776,0,0,1,2.9949189991,0,0,10.228550361,8.5071086764,8.3609990245,18.427721333,11.096510538,1,3.594398016,9
-1.800799,1240166,1022,1,0,0,0,0,0,0,0,0,0,0,0,0,0,0,0,0,0,0,1,0,0,1,0,0,0,1,0,1,1,0,0,0,1,0,0,1,0,0,1,0,0,0,0,0,1,0,0,2.7966849473,0,3.0238717604,0,0,11.482168397,10.167713696,8.8557395336,20.400662619,11.724299341,0,-1.319436718,8
0.256305,1240215,235,0,0,0,0,0,0,0,1,0,0,0,0,0,0,1,0,1,0,1,1,1,0,1,0,0,0,1,0,0,0,1,0,0,1,1,0,0,0,0,0,0,0,0,0,0,0,6.5996007032,1,0,0,3.0662629843,0,0,9.7897319206,9.5000439039,8.3461885734,18.613933282,12.102026295,0,0.9232383196,8
4.458219,908127,298,0,0,0,0,0,0,0,1,0,0,0,0,0,0,0,1,0,0,1,1,0,0,1,0,0,0,1,0,0,1,0,0,0,0,0,0,1,0,0,0,0,0,0,1,1.27964,1,0,0,0,1,3.0421537126,0,0,10.037693787,8.9938650804,8.3185333971,19.139495065,12.828822864,0,3.8109760341,8
3.78859,909732,298,0,0,0,0,0,0,0,1,0,0,0,0,0,0,0,1,0,0,1,1,0,0,1,0,0,0,1,0,0,1,0,0,0,0,0,0,1,0,0,0,0,0,0,0,0,0,0,0,0,1,2.973266203,0,0,10.857390724,8.2620767107,8.4660243758,21.864805491,10.66951928,0,3.2389390132,8
3.652185,1240210,229,0,0,0,0,0,0,0,1,0,0,0,0,0,0,0,0,0,0,1,1,1,0,1,0,0,0,1,0,0,0,0,0,0,0,0,0,0,0,0,1,0,0,0,0,0,0,3.3913998776,0,0,1,2.9949189991,0,0,10.228550361,8.5071086764,8.3609990245,18.427721333,11.096510538,1,4.2057361188,2
3.791749,1240210,294,0,0,0,1,1,0,0,0,0,0,0,0,0,0,0,0,0,0,0,1,0,0,0,0,0,0,1,0,1,0,0,0,1,0,0,0,0,0,1,0,0,0,0,0,0,0,3.3913998776,0,0,1,2.9949189991,0,0,10.228550361,8.5071086764,8.3609990245,18.427721333,11.096510538,1,3.2432951758,1
3.556207,907298,330,0,0,0,0,0,0,0,1,0,0,0,0,0,0,1,0,0,1,1,1,0,0,1,0,0,0,1,0,0,0,1,0,0,1,1,1,0,0,0,0,0,0,0,0,0,0,0,0,0,0,2.976818149,0,0,11.151804899,8.4640050836,8.4112568406,19.341029083,9.6827849299,0,3.0436442767,1
3.074429,909720,38,0,1,0,0,1,0,1,1,0,1,0,0,0,0,0,0,0,0,0,1,0,1,0,0,0,0,1,0,1,0,0,0,1,0,0,0,0,0,0,1,0,0,0,0,0,0,0,0,0,0,3.0099116771,0,0,9.0894024505,8.2986888893,8.1706134297,17.631371436,12.114078001,0,1.3126437005,3
-0.546909,909759,1022,1,0,0,0,0,0,0,0,0,0,0,0,0,0,0,0,0,0,0,1,0,0,1,0,0,0,1,0,1,1,0,0,0,1,0,0,1,0,0,1,0,0,0,0,0,0,0,0,0,0,3.0146730322,0,0,9.237139029,8.4702744104,7.4905298784,18.879786744,11.507563933,0,-0.694282758,3
5.658212,909754,301,0,0,0,0,0,0,0,0,0,0,0,0,0,0,0,0,0,0,0,1,0,0,0,0,0,0,0,0,0,0,0,0,0,1,1,1,0,0,0,1,0,0.874992,3.482301125,2,1.249564,4,12.400271453,2,14.35521576,4,3.2239404416,0,0,10.807558704,8.9081237696,9.3022917015,24.001803288,16.699368639,2,5.5250701384,1
-0.426875,909720,1019,1,1,0,0,0,0,1,1,0,0,0,0,0,0,0,1,0,0,0,1,0,1,1,0,0,0,1,1,0,0,0,0,0,0,0,0,0,0,0,1,0,0,0,0,0,0,0,0,0,0,3.0099116771,0,0,9.0894024505,8.2986888893,8.1706134297,17.631371436,12.114078001,0,0.232463318,8
0.732788,907298,1037,1,0,0,0,0,0,0,0,0,0,0,0,0,0,0,0,0,0,0,0,0,0,0,0,0,0,1,0,1,0,1,0,0,1,0,0,0,0,0,0,0,0,0,0,0,0,0,0,0,0,2.976818149,0,0,11.151804899,8.4640050836,8.4112568406,19.341029083,9.6827849299,0,0.2579654195,10
2.03202,909732,56,0,0,0,0,1,0,0,0,0,1,0,0,0,0,1,1,0,0,0,1,0,1,1,0,0,0,1,0,1,0,0,0,1,0,0,0,0,0,0,1,0,0,0,0,0,0,0,0,0,1,2.973266203,0,-3,10.857390724,8.2620767107,8.4660243758,21.864805491,10.66951928,0,1.3493276191,8
1.408045,1240166,184,0,0,0,0,0,0,0,0,0,0,0,0,0,0,0,0,0,0,0,0,0,0,0,0,0,0,1,0,1,0,0,0,0,0,1,1,0,0,0,1,0,0,0,0,0,1,0,0,2.7966849473,0,3.0238717604,0,0,11.482168397,10.167713696,8.8557395336,20.400662619,11.724299341,0,0.9473121563,2
0.94529,909716,159,0,0,0,0,0,0,0,0,0,0,1,0,0,0,1,0,1,1,1,1,0,0,1,0,0,0,1,0,1,0,1,0,0,0,0,0,0,0,0,1,0,0,0,1,0.635086,0,0,0,0,0,3.0394636924,0,0,10.003834798,9.1063448433,9.204390565,21.518247244,10.79405744,0,1.4586431219,3
1.0422862921,1299061,1014,1,0,1,0,1,0,0,0,0,0,0,0,0,0,0,0,0,0,0,0,0,0,0,0,0,0,1,0,0,0,0,0,0,0,0,0,0,0,1,1,0,0,0,0,0,0,5.924603939,0,0,0,3.181275322,0,0,11.527623475,8.7989567731,8.2649243614,19.027614517,10.63934132,0,1.3792383279,7
2.36979,1240166,176,0,0,0,0,0,1,0,0,1,0,1,0,0,1,0,0,0,0,1,1,0,1,0,0,0,0,1,0,0,0,0,0,0,0,0,0,0,0,1,0,0,0,0,0,0,1,0,0,2.7966849473,0,3.0238717604,0,0,11.482168397,10.167713696,8.8557395336,20.400662619,11.724299341,0,3.0926951333,10
3.904532,909756,292,0,0,0,0,0,0,0,1,0,0,0,0,0,0,0,0,1,1,0,1,0,0,0,0,0,0,1,0,1,0,1,0,0,0,0,0,0,0,0,1,0,0,0,0,0,0,0,0,0,0,2.8475138,0,0,9.933029521,9.3930114186,8.4369559448,20.367287435,12.196426895,0,2.5839697739,2
2.311,909720,229,0,0,0,0,0,0,0,1,0,0,0,0,0,0,0,0,0,0,1,1,1,0,1,0,0,0,1,0,0,0,0,0,0,0,0,0,0,0,0,1,0,0,0,0,0,0,0,0,0,0,3.0099116771,0,0,9.0894024505,8.2986888893,8.1706134297,17.631371436,12.114078001,0,3.5963535557,2
1.9328372978,907298,1014,1,0,1,0,1,0,0,0,0,0,0,0,0,0,0,0,0,0,0,0,0,0,0,0,0,0,1,0,0,0,0,0,0,0,0,0,0,0,1,1,0,0,0,0,0,0,0,0,0,0,2.976818149,0,0,11.151804899,8.4640050836,8.4112568406,19.341029083,9.6827849299,0,1.4417701996,4
2.349132,909716,152,0,0,0,0,0,0,1,1,0,0,0,0,0,0,0,1,0,0,0,1,0,0,0,0,0,0,1,0,1,0,0,0,0,0,1,1,0,0,0,1,0,0,0,1,0.635086,0,0,0,0,0,3.0394636924,0,0,10.003834798,9.1063448433,9.204390565,21.518247244,10.79405744,0,1.7959241291,1
4.292991,1240210,1043,1,0,0,0,0,0,0,0,0,1,0,0,0,0,0,0,0,0,0,1,0,1,0,0,0,1,1,1,1,0,0,0,0,0,0,0,0,0,0,0,0,0,0,0,0,0,3.3913998776,0,0,1,2.9949189991,0,0,10.228550361,8.5071086764,8.3609990245,18.427721333,11.096510538,1,4.3387110676,7
0.764875,971774,226,0,0,0,0,0,0,0,0,0,0,0,0,0,0,1,0,1,0,1,1,0,0,1,0,0,0,1,0,1,0,0,0,0,1,1,0,0,0,0,0,0,0.807544,3.165283691,0,0.726215,1,3.4190544056,1,4.2084771202,1,3.0918643898,0,0,11.706620878,9.1123914875,8.9001265462,18.080785351,12.757518026,0,-0.189042806,1
2.708155,971773,1219,1,0,0,0,0,1,0,1,0,0,0,0,0,0,0,0,0,0,0,1,0,0,0,0,0,0,1,0,1,0,0,0,0,1,0,0,0,0,0,0,0,0,0,0,0,0,0,0,0,0,2.9223297099,0,0,8.8816005533,8.4627762221,8.5256898879,18.752996197,9.9208505412,0,2.2633365773,6
2.062761,909732,1029,1,0,0,0,0,0,0,1,0,0,0,0,0,0,0,0,1,0,1,1,0,0,1,0,0,0,1,0,1,1,1,0,0,0,0,0,0,0,0,0,0,0,0,0,0,0,0,0,0,1,2.973266203,0,0,10.857390724,8.2620767107,8.4660243758,21.864805491,10.66951928,0,1.4170584502,6
2.497197,1240210,330,0,0,0,0,0,0,0,1,0,0,0,0,0,0,1,0,0,1,1,1,0,0,1,0,0,0,1,0,0,0,1,0,0,1,1,1,0,0,0,0,0,0,0,0,0,0,3.3913998776,0,0,1,2.9949189991,0,0,10.228550361,8.5071086764,8.3609990245,18.427721333,11.096510538,1,3.068733803,3
4.629451,906999,1194,1,0,0,0,0,0,1,0,0,0,0,0,0,0,0,0,0,0,0,1,0,1,1,0,0,0,1,0,1,0,0,0,0,0,0,0,0,0,0,1,0,0.7194,3.6102271394,1,0.7194,1,7.3829576608,1,2.9446837949,1,3.0495934171,0,0,9.9476808172,9.3831420839,8.7083086013,23.755134442,11.830576137,2,4.2785672415,5
0.398628,907298,1060,1,0,0,0,0,0,0,1,0,0,0,0,0,0,0,0,0,0,0,1,0,0,0,0,0,0,1,0,0,1,1,0,0,0,0,0,0,0,1,0,0,0,0,0,0,0,0,0,0,0,2.976818149,0,0,11.151804899,8.4640050836,8.4112568406,19.341029083,9.6827849299,0,-0.416282813,3
-0.520138,1240166,1059,1,0,0,0,0,0,0,0,0,1,0,0,0,0,1,0,0,0,0,1,0,1,1,0,0,0,1,0,1,0,0,0,1,0,0,0,0,0,1,0,0,0,0,0,0,1,0,0,2.7966849473,0,3.0238717604,0,0,11.482168397,10.167713696,8.8557395336,20.400662619,11.724299341,0,0.1720577725,1
-1.818914,909720,273,0,0,0,0,0,0,1,1,0,0,0,0,0,0,0,1,0,0,0,1,0,1,0,0,0,0,1,0,1,0,0,0,0,0,0,0,0,0,0,0,0,0,0,0,0,0,0,0,0,0,3.0099116771,0,0,9.0894024505,8.2986888893,8.1706134297,17.631371436,12.114078001,0,-0.700998332,5
2.204338,1240166,30,0,0,0,0,0,0,0,0,0,0,0,0,0,0,0,1,0,0,0,1,0,0,0,0,0,1,1,0,1,0,1,0,0,1,0,0,0,0,0,1,0,0,0,0,0,1,0,0,2.7966849473,0,3.0238717604,0,0,11.482168397,10.167713696,8.8557395336,20.400662619,11.724299341,0,1.8794444121,4
0.775098,924248,29,0,0,0,0,0,0,0,1,0,0,0,0,0,0,1,0,1,0,1,1,0,0,1,0,0,0,1,1,1,1,1,0,0,1,0,0,0,0,0,0,0,0,0,0,0.770379,0,0,0,4.9079778596,0,2.9762225287,0,0,10.286534739,8.7162113922,8.7121246012,21.756550177,14.591372756,0,0.8825779989,5
3.773336,909732,329,0,0,0,0,0,0,0,1,0,0,0,0,0,0,0,0,0,1,0,1,0,0,0,0,0,0,1,0,0,1,1,0,1,0,0,0,0,0,0,0,0,0,0,0,0,0,0,0,0,1,2.973266203,0,0,10.857390724,8.2620767107,8.4660243758,21.864805491,10.66951928,0,3.5374799977,2
1.233627,925343,63,0,0,0,0,0,0,0,0,1,1,0,0,0,1,0,0,0,1,0,1,0,1,0,0,0,0,1,0,1,0,1,0,0,1,0,0,0,1,0,1,0,0,0,0,0,1,0,0,0,1,2.9962981835,0,0,10.189126272,8.8162974431,8.2373848904,18.579263139,13.013508287,0,0.9731289119,4
2.847573,908127,1029,1,0,0,0,0,0,0,1,0,0,0,0,0,0,0,0,1,0,1,1,0,0,1,0,0,0,1,0,1,1,1,0,0,0,0,0,0,0,0,0,0,0,0,1,1.27964,1,0,0,0,1,3.0421537126,0,0,10.037693787,8.9938650804,8.3185333971,19.139495065,12.828822864,0,2.8916406156,2
0.472028,909720,184,0,0,0,0,0,0,0,0,0,0,0,0,0,0,0,0,0,0,0,0,0,0,0,0,0,0,1,0,1,0,0,0,0,0,1,1,0,0,0,1,0,0,0,0,0,0,0,0,0,0,3.0099116771,0,0,9.0894024505,8.2986888893,8.1706134297,17.631371436,12.114078001,0,-1.009458142,10
6.301426,909754,260,0,0,0,0,0,0,0,0,0,1,1,0,0,0,0,0,1,1,1,1,0,1,0,0,0,1,1,0,1,0,1,0,0,0,0,0,0,0,0,1,0,0.874992,3.482301125,2,1.249564,4,12.400271453,2,14.35521576,4,3.2239404416,0,2,10.807558704,8.9081237696,9.3022917015,24.001803288,16.699368639,2,4.589056664,6
2.07717,924248,329,0,0,0,0,0,0,0,1,0,0,0,0,0,0,0,0,0,1,0,1,0,0,0,0,0,0,1,0,0,1,1,0,1,0,0,0,0,0,0,0,0,0,0,0,0.770379,0,0,0,4.9079778596,0,2.9762225287,0,0,10.286534739,8.7162113922,8.7121246012,21.756550177,14.591372756,0,2.8414516377,7
2.456467,1240166,1129,1,0,1,0,0,0,0,0,0,0,0,0,0,0,0,0,1,0,0,1,0,0,0,0,0,0,1,0,1,0,0,0,0,0,0,0,0,0,0,1,0,0,0,0,0,1,0,0,2.7966849473,0,3.0238717604,0,0,11.482168397,10.167713696,8.8557395336,20.400662619,11.724299341,0,3.1975885243,9
0.140038,971773,1142,1,0,0,1,0,0,0,0,0,0,0,0,0,0,0,0,0,0,0,1,0,0,0,0,0,0,1,0,1,1,1,0,0,1,0,0,0,0,0,0,0,0,0,0,0,0,0,0,0,0,2.9223297099,0,0,8.8816005533,8.4627762221,8.5256898879,18.752996197,9.9208505412,0,0.7395235465,3
4.01861,924248,292,0,0,0,0,0,0,0,1,0,0,0,0,0,0,0,0,1,1,0,1,0,0,0,0,0,0,1,0,1,0,1,0,0,0,0,0,0,0,0,1,0,0,0,0,0.770379,0,0,0,4.9079778596,0,2.9762225287,0,0,10.286534739,8.7162113922,8.7121246012,21.756550177,14.591372756,0,2.5290801695,8
-0.541216,909720,6,0,0,0,0,0,0,0,1,0,0,0,0,0,1,0,0,0,0,1,1,0,0,0,0,0,0,1,0,0,1,1,0,0,1,0,0,0,0,0,1,0,0,0,0,0,0,0,0,0,0,3.0099116771,0,0,9.0894024505,8.2986888893,8.1706134297,17.631371436,12.114078001,0,1.368523672,8
3.663978,909720,1043,1,0,0,0,0,0,0,0,0,1,0,0,0,0,0,0,0,0,0,1,0,1,0,0,0,1,1,1,1,0,0,0,0,0,0,0,0,0,0,0,0,0,0,0,0,0,0,0,0,0,3.0099116771,0,0,9.0894024505,8.2986888893,8.1706134297,17.631371436,12.114078001,0,3.3628165299,1
2.533793,908127,1046,1,0,0,0,0,0,0,1,0,0,1,0,0,0,1,1,1,1,1,1,1,1,1,0,1,0,1,0,0,0,0,0,0,0,0,0,0,0,1,0,0,0,0,1,1.27964,1,0,0,0,1,3.0421537126,0,0,10.037693787,8.9938650804,8.3185333971,19.139495065,12.828822864,0,2.948121222,4
4.018862,909732,1194,1,0,0,0,0,0,1,0,0,0,0,0,0,0,0,0,0,0,0,1,0,1,1,0,0,0,1,0,1,0,0,0,0,0,0,0,0,0,0,1,0,0,0,0,0,0,0,0,0,1,2.973266203,0,0,10.857390724,8.2620767107,8.4660243758,21.864805491,10.66951928,0,3.5820574522,2
-2.044356,907298,1024,1,0,1,0,0,0,0,1,0,0,1,0,0,0,1,0,1,1,1,1,1,0,1,0,0,0,1,0,0,0,0,0,1,1,0,0,0,0,1,1,0,0,0,0,0,0,0,0,0,0,2.976818149,0,0,11.151804899,8.4640050836,8.4112568406,19.341029083,9.6827849299,0,-2.225101806,5
2.634097,909264,294,0,0,0,1,1,0,0,0,0,0,0,0,0,0,0,0,0,0,0,1,0,0,0,0,0,0,1,0,1,0,0,0,1,0,0,0,0,0,1,0,0,0,0,0,0,0,0,0,0,1,2.8489562007,0,0,10.179938953,8.755480529,8.5485372513,19.138951582,10.853599749,0,3.1852642326,9
1.448854,971773,1053,1,0,0,0,0,0,0,0,0,0,0,0,0,0,0,0,0,1,1,1,0,0,1,0,0,0,1,0,1,0,0,0,0,1,1,0,0,0,0,0,0,0,0,0,0,0,0,0,0,0,2.9223297099,0,0,8.8816005533,8.4627762221,8.5256898879,18.752996197,9.9208505412,0,0.2821982231,9
4.436468,1240166,1039,1,0,0,0,0,0,0,0,0,1,0,0,0,0,0,0,0,0,0,1,0,1,1,0,0,1,1,0,0,0,1,0,0,0,0,0,0,1,1,0,1,0,0,0,0,1,0,0,2.7966849473,0,3.0238717604,0,0,11.482168397,10.167713696,8.8557395336,20.400662619,11.724299341,0,4.3460639458,4
3.661479,971773,206,0,0,0,0,0,0,0,0,0,0,0,0,0,0,0,0,0,0,0,1,0,0,0,0,0,0,1,1,1,0,0,0,0,0,1,0,0,0,0,0,0,0,0,0,0,0,0,0,0,0,2.9223297099,0,0,8.8816005533,8.4627762221,8.5256898879,18.752996197,9.9208505412,0,3.104174153,7
0.866191,909759,301,0,0,0,0,0,0,0,0,0,0,0,0,0,0,0,0,0,0,0,1,0,0,0,0,0,0,0,0,0,0,0,0,0,1,1,1,0,0,0,1,0,0,0,0,0,0,0,0,0,0,3.0146730322,0,0,9.237139029,8.4702744104,7.4905298784,18.879786744,11.507563933,0,1.2519871712,3
3.200674,909720,292,0,0,0,0,0,0,0,1,0,0,0,0,0,0,0,0,1,1,0,1,0,0,0,0,0,0,1,0,1,0,1,0,0,0,0,0,0,0,0,1,0,0,0,0,0,0,0,0,0,0,3.0099116771,0,0,9.0894024505,8.2986888893,8.1706134297,17.631371436,12.114078001,0,3.1893459341,3
2.192343,924248,207,0,0,0,1,0,0,0,0,0,0,0,0,0,0,0,0,0,0,0,1,0,0,0,0,0,0,1,1,1,0,0,0,0,0,0,0,0,0,0,0,0,0,0,0,0.770379,0,0,0,4.9079778596,0,2.9762225287,0,0,10.286534739,8.7162113922,8.7121246012,21.756550177,14.591372756,0,2.1343663722,10
3.798421,908127,206,0,0,0,0,0,0,0,0,0,0,0,0,0,0,0,0,0,0,0,1,0,0,0,0,0,0,1,1,1,0,0,0,0,0,1,0,0,0,0,0,0,0,0,1,1.27964,1,0,0,0,1,3.0421537126,0,0,10.037693787,8.9938650804,8.3185333971,19.139495065,12.828822864,0,4.0459366591,7
-1.300145,925343,35,0,0,0,1,1,0,0,0,0,0,0,0,0,0,0,0,0,0,0,0,0,0,0,0,0,0,1,0,1,0,0,0,1,0,0,0,0,0,0,1,0,0,0,0,0,1,0,0,0,1,2.9962981835,0,0,10.189126272,8.8162974431,8.2373848904,18.579263139,13.013508287,0,-0.179289648,9
0.704005,907298,226,0,0,0,0,0,0,0,0,0,0,0,0,0,0,1,0,1,0,1,1,0,0,1,0,0,0,1,0,1,0,0,0,0,1,1,0,0,0,0,0,0,0,0,0,0,0,0,0,0,0,2.976818149,0,0,11.151804899,8.4640050836,8.4112568406,19.341029083,9.6827849299,0,1.635292691,8
4.999118,907298,290,0,0,0,0,0,0,0,0,0,0,0,0,0,0,0,0,0,0,0,1,0,0,0,0,0,0,0,1,0,1,1,0,0,0,0,0,0,0,0,0,0,0,0,0,0,0,0,0,0,0,2.976818149,0,0,11.151804899,8.4640050836,8.4112568406,19.341029083,9.6827849299,0,5.522520966,10
1.218167,925343,1015,1,1,0,0,0,0,0,1,0,0,0,0,0,0,0,0,0,0,0,1,0,0,0,0,0,0,1,0,0,1,1,0,0,0,0,0,0,0,0,0,0,0,0,0,0,1,0,0,0,1,2.9962981835,0,0,10.189126272,8.8162974431,8.2373848904,18.579263139,13.013508287,0,2.7635526254,1
2.055065,908127,203,0,0,1,0,0,0,0,0,0,0,0,0,0,0,0,0,1,0,0,1,0,0,0,0,0,0,1,0,1,0,0,0,0,0,0,0,0,0,0,1,0,0,0,1,1.27964,1,0,0,0,1,3.0421537126,0,0,10.037693787,8.9938650804,8.3185333971,19.139495065,12.828822864,0,3.1741927804,1
-0.954715,909720,153,0,0,1,0,0,0,0,1,0,0,1,0,0,0,1,0,1,1,1,1,1,0,1,0,0,0,1,0,0,0,1,0,1,1,0,0,0,0,0,1,0,0,0,0,0,0,0,0,0,0,3.0099116771,0,0,9.0894024505,8.2986888893,8.1706134297,17.631371436,12.114078001,0,-0.899531515,5
2.940203,1240166,291,0,1,0,0,0,0,0,1,0,0,0,1,1,0,0,0,0,0,0,1,0,0,1,0,0,0,1,1,0,0,0,0,0,0,0,0,0,0,0,1,0,0,0,0,0,1,0,0,2.7966849473,0,3.0238717604,0,0,11.482168397,10.167713696,8.8557395336,20.400662619,11.724299341,0,2.9427331396,5
1.275234,1240210,1049,1,0,0,0,0,0,0,0,0,0,0,0,0,0,0,0,0,0,1,1,0,1,1,0,0,0,1,0,1,0,0,0,0,0,0,0,0,0,0,0,0,0,0,0,0,0,3.3913998776,0,0,1,2.9949189991,0,0,10.228550361,8.5071086764,8.3609990245,18.427721333,11.096510538,1,2.1604999171,10
5.083462,908127,279,0,0,0,0,0,0,0,1,0,0,0,0,0,0,0,0,0,1,0,1,0,0,1,0,0,0,1,0,0,1,1,0,0,1,0,0,0,0,0,0,0,0,0,1,1.27964,1,0,0,0,1,3.0421537126,0,0,10.037693787,8.9938650804,8.3185333971,19.139495065,12.828822864,0,5.1138878746,10
5.125168,909756,309,0,0,0,0,0,0,0,0,0,0,0,0,0,0,0,0,0,1,0,1,0,0,1,0,0,0,1,0,1,0,1,0,0,0,0,0,0,0,0,0,0,0,0,0,0,0,0,0,0,0,2.8475138,0,0,9.933029521,9.3930114186,8.4369559448,20.367287435,12.196426895,0,4.4823556758,6
5.344496,909716,287,0,0,1,0,0,0,0,0,0,0,0,0,0,0,0,1,0,0,0,1,0,1,0,0,0,0,1,0,1,1,1,0,1,1,0,0,0,0,0,1,1,0,0,1,0.635086,0,0,0,0,0,3.0394636924,0,0,10.003834798,9.1063448433,9.204390565,21.518247244,10.79405744,0,3.9999632976,9
4.668855,909754,1029,1,0,0,0,0,0,0,1,0,0,0,0,0,0,0,0,1,0,1,1,0,0,1,0,0,0,1,0,1,1,1,0,0,0,0,0,0,0,0,0,0,0.874992,3.482301125,2,1.249564,4,12.400271453,2,14.35521576,4,3.2239404416,0,0,10.807558704,8.9081237696,9.3022917015,24.001803288,16.699368639,2,2.6844936055,8
2.609779,909754,159,0,0,0,0,0,0,0,0,0,0,1,0,0,0,1,0,1,1,1,1,0,0,1,0,0,0,1,0,1,0,1,0,0,0,0,0,0,0,0,1,0,0.874992,3.482301125,2,1.249564,4,12.400271453,2,14.35521576,4,3.2239404416,0,0,10.807558704,8.9081237696,9.3022917015,24.001803288,16.699368639,2,1.9174662964,10
4.008823,910784,230,0,0,0,0,0,0,0,1,0,0,0,0,0,0,0,0,0,1,1,1,0,0,1,1,0,0,1,0,0,1,0,0,0,0,1,0,0,0,0,0,0,0,0,0,0,0,3.1694195397,0,0,0,2.7731873637,0,0,9.4480264448,8.1521646816,8.3427107252,19.196949072,9.0332286474,0,3.7794248616,7
4.14448,909754,1022,1,0,0,0,0,0,0,0,0,0,0,0,0,0,0,0,0,0,0,1,0,0,1,0,0,0,1,0,1,1,0,0,0,1,0,0,1,0,0,1,0,0.874992,3.482301125,2,1.249564,4,12.400271453,2,14.35521576,4,3.2239404416,0,0,10.807558704,8.9081237696,9.3022917015,24.001803288,16.699368639,2,1.9381797294,9
4.1765,908127,288,0,0,0,0,0,0,1,1,0,0,0,0,0,0,0,1,0,0,0,1,0,0,0,0,0,0,1,0,1,0,0,0,0,0,0,0,0,0,1,0,0,0,0,1,1.27964,1,0,0,0,1,3.0421537126,0,0,10.037693787,8.9938650804,8.3185333971,19.139495065,12.828822864,0,4.1215805299,5
2.465092,909720,178,0,0,0,0,0,0,1,0,0,0,0,0,0,0,0,0,0,0,0,1,0,1,0,0,0,0,1,0,1,1,1,0,0,0,0,0,0,0,0,1,0,0,0,0,0,0,0,0,0,0,3.0099116771,0,0,9.0894024505,8.2986888893,8.1706134297,17.631371436,12.114078001,0,1.6548084741,8
-1.752526,909264,184,0,0,0,0,0,0,0,0,0,0,0,0,0,0,0,0,0,0,0,0,0,0,0,0,0,0,1,0,1,0,0,0,0,0,1,1,0,0,0,1,0,0,0,0,0,0,0,0,0,1,2.8489562007,0,0,10.179938953,8.755480529,8.5485372513,19.138951582,10.853599749,0,-0.397913311,4
0.27444,925343,1053,1,0,0,0,0,0,0,0,0,0,0,0,0,0,0,0,0,1,1,1,0,0,1,0,0,0,1,0,1,0,0,0,0,1,1,0,0,0,0,0,0,0,0,0,0,1,0,0,0,1,2.9962981835,0,0,10.189126272,8.8162974431,8.2373848904,18.579263139,13.013508287,0,0.2269741638,9
2.998703,909732,34,0,0,0,0,0,0,0,1,0,0,0,0,0,0,0,0,1,1,0,1,0,0,0,0,0,0,1,0,1,0,1,0,0,0,0,0,0,0,0,1,0,0,0,0,0,0,0,0,0,1,2.973266203,0,0,10.857390724,8.2620767107,8.4660243758,21.864805491,10.66951928,0,2.4315944685,8
1.843911,1240215,219,0,0,0,0,0,0,0,0,0,0,0,0,0,0,0,0,0,0,0,1,0,0,0,0,0,0,1,0,0,1,0,1,0,1,1,0,0,0,0,1,0,0,0,0,0,0,6.5996007032,1,0,0,3.0662629843,0,0,9.7897319206,9.5000439039,8.3461885734,18.613933282,12.102026295,0,2.0668947974,4
1.48764,909759,1038,1,0,0,0,0,0,0,0,1,1,0,0,0,0,1,0,0,0,1,1,0,1,1,0,0,0,1,0,0,1,1,0,1,1,0,0,0,1,0,0,1,0,0,0,0,0,0,0,0,0,3.0146730322,0,0,9.237139029,8.4702744104,7.4905298784,18.879786744,11.507563933,0,1.2940363448,9
0.840764,909756,158,0,0,0,0,0,0,0,1,0,0,0,0,0,0,0,0,0,0,0,1,1,0,0,0,0,0,1,0,1,0,0,0,0,0,0,0,0,0,0,0,0,0,0,0,0,0,0,0,0,0,2.8475138,0,0,9.933029521,9.3930114186,8.4369559448,20.367287435,12.196426895,0,-0.061184726,5
3.561452,971773,1061,1,0,0,0,0,0,0,0,0,0,0,0,0,0,0,0,0,0,0,1,0,0,0,0,0,0,1,0,1,0,0,0,1,0,0,0,0,0,0,1,0,0,0,0,0,0,0,0,0,0,2.9223297099,0,0,8.8816005533,8.4627762221,8.5256898879,18.752996197,9.9208505412,0,4.1228302598,3
2.134454,909759,260,0,0,0,0,0,0,0,0,0,1,1,0,0,0,0,0,1,1,1,1,0,1,0,0,0,1,1,0,1,0,1,0,0,0,0,0,0,0,0,1,0,0,0,0,0,0,0,0,0,0,3.0146730322,0,0,9.237139029,8.4702744104,7.4905298784,18.879786744,11.507563933,0,2.7139335686,2
4.342555,1240166,304,0,0,1,0,0,0,0,0,0,0,0,0,0,0,0,0,1,0,0,1,0,0,1,0,0,0,1,0,1,0,0,0,0,0,0,0,0,0,0,1,0,0,0,0,0,1,0,0,2.7966849473,0,3.0238717604,0,0,11.482168397,10.167713696,8.8557395336,20.400662619,11.724299341,0,4.338501205,9
1.858293,1240215,281,0,0,0,0,0,0,0,1,0,0,1,0,0,0,1,0,1,1,1,1,1,0,1,0,0,0,1,1,0,1,1,0,1,0,0,0,0,0,0,0,0,0,0,0,0,0,6.5996007032,1,0,0,3.0662629843,0,0,9.7897319206,9.5000439039,8.3461885734,18.613933282,12.102026295,0,4.2034447628,10
3.926988,1299061,1373,1,0,0,0,0,0,0,0,0,0,0,0,0,0,0,0,0,0,0,1,0,0,1,0,0,0,1,0,1,0,0,0,0,0,0,0,0,0,0,0,0,0,0,0,0,0,5.924603939,0,0,0,3.181275322,0,0,11.527623475,8.7989567731,8.2649243614,19.027614517,10.63934132,0,3.9308472038,8
4.607487,909732,1039,1,0,0,0,0,0,0,0,0,1,0,0,0,0,0,0,0,0,0,1,0,1,1,0,0,1,1,0,0,0,1,0,0,0,0,0,0,1,1,0,1,0,0,0,0,0,0,0,0,1,2.973266203,0,-3,10.857390724,8.2620767107,8.4660243758,21.864805491,10.66951928,0,4.2105048163,8
5.277864,1299061,1025,1,0,0,0,0,0,0,1,0,0,0,0,0,0,0,0,0,0,1,1,1,0,1,0,0,0,1,0,0,0,0,0,0,0,0,0,0,0,0,0,0,0,0,0,0,0,5.924603939,0,0,0,3.181275322,0,0,11.527623475,8.7989567731,8.2649243614,19.027614517,10.63934132,0,5.1398113012,2
2.720947,1240210,199,0,0,0,0,0,0,0,1,1,0,0,0,0,0,0,0,1,0,0,1,0,0,0,0,0,0,1,0,1,0,0,0,0,0,1,0,1,0,0,0,0,0,0,0,0,0,3.3913998776,0,0,1,2.9949189991,0,0,10.228550361,8.5071086764,8.3609990245,18.427721333,11.096510538,1,3.7766159357,1
3.761614,925343,293,0,0,0,0,0,0,1,0,0,1,0,0,0,0,0,0,0,0,0,1,0,1,0,0,0,0,1,0,1,1,1,0,1,0,0,0,0,0,0,1,0,0,0,0,0,1,0,0,0,1,2.9962981835,0,0,10.189126272,8.8162974431,8.2373848904,18.579263139,13.013508287,0,3.226235786,5
3.643576,909720,1203,1,0,0,0,0,0,0,1,0,0,0,0,0,0,1,0,1,0,1,1,1,0,1,0,0,0,1,0,0,0,1,0,0,0,0,0,0,0,0,0,0,0,0,0,0,0,0,0,0,0,3.0099116771,0,0,9.0894024505,8.2986888893,8.1706134297,17.631371436,12.114078001,0,4.2511089017,6
2.554208,908127,1042,1,0,0,0,0,0,0,1,0,1,1,0,0,0,0,1,1,0,1,1,0,1,0,0,0,0,1,0,1,0,0,0,1,0,1,1,0,0,0,0,0,0,0,1,1.27964,1,0,0,0,1,3.0421537126,0,0,10.037693787,8.9938650804,8.3185333971,19.139495065,12.828822864,0,3.4046195714,10
-3.836312,909716,283,0,0,0,0,0,0,0,1,0,0,0,0,0,0,1,0,1,0,1,1,0,1,1,0,0,0,1,0,0,0,0,0,0,0,1,0,0,0,0,1,0,0,0,1,0.635086,0,0,0,0,0,3.0394636924,0,0,10.003834798,9.1063448433,9.204390565,21.518247244,10.79405744,0,-3.904126266,3
2.74174,1240166,38,0,1,0,0,1,0,1,1,0,1,0,0,0,0,0,0,0,0,0,1,0,1,0,0,0,0,1,0,1,0,0,0,1,0,0,0,0,0,0,1,0,0,0,0,0,1,0,0,2.7966849473,0,3.0238717604,0,0,11.482168397,10.167713696,8.8557395336,20.400662619,11.724299341,0,1.3441706918,7
-3.109595,909759,60,0,0,0,0,1,0,0,0,0,0,0,0,0,0,0,0,1,0,0,1,1,0,0,0,0,1,1,0,1,0,1,0,1,1,0,0,0,0,0,1,0,0,0,0,0,0,0,0,0,0,3.0146730322,0,0,9.237139029,8.4702744104,7.4905298784,18.879786744,11.507563933,0,0.9688620642,5
3.677427,909720,309,0,0,0,0,0,0,0,0,0,0,0,0,0,0,0,0,0,1,0,1,0,0,1,0,0,0,1,0,1,0,1,0,0,0,0,0,0,0,0,0,0,0,0,0,0,0,0,0,0,0,3.0099116771,0,0,9.0894024505,8.2986888893,8.1706134297,17.631371436,12.114078001,0,3.7961858534,8
-1.080977,910784,302,0,0,0,0,0,0,0,0,0,0,0,0,0,0,0,0,0,0,0,1,0,0,0,0,0,0,1,0,1,1,1,0,1,1,0,0,0,0,1,0,0,0,0,0,0,0,3.1694195397,0,0,0,2.7731873637,0,0,9.4480264448,8.1521646816,8.3427107252,19.196949072,9.0332286474,0,0.1109490296,10
2.491565,909720,106,0,0,0,0,1,0,0,1,0,0,0,0,0,0,0,0,0,0,0,1,0,0,0,0,0,0,1,0,1,1,1,0,1,1,0,0,0,0,0,1,0,0,0,0,0,0,0,0,0,0,3.0099116771,0,0,9.0894024505,8.2986888893,8.1706134297,17.631371436,12.114078001,0,1.9987510812,8
5.297134,909732,290,0,0,0,0,0,0,0,0,0,0,0,0,0,0,0,0,0,0,0,1,0,0,0,0,0,0,0,1,0,1,1,0,0,0,0,0,0,0,0,0,0,0,0,0,0,0,0,0,0,1,2.973266203,0,0,10.857390724,8.2620767107,8.4660243758,21.864805491,10.66951928,0,5.7353245531,6
0.446093,909759,252,0,0,0,0,0,0,0,0,0,0,0,0,0,0,0,0,0,0,0,0,0,0,0,0,0,0,1,0,1,0,1,0,0,0,0,0,0,0,0,1,0,0,0,0,0,0,0,0,0,0,3.0146730322,0,0,9.237139029,8.4702744104,7.4905298784,18.879786744,11.507563933,0,2.2259125206,3
0.544101,909716,1060,1,0,0,0,0,0,0,1,0,0,0,0,0,0,0,0,0,0,0,1,0,0,0,0,0,0,1,0,0,1,1,0,0,0,0,0,0,0,1,0,0,0,0,1,0.635086,0,0,0,0,0,3.0394636924,0,0,10.003834798,9.1063448433,9.204390565,21.518247244,10.79405744,0,1.2504612693,2
3.718427,909720,29,0,0,0,0,0,0,0,1,0,0,0,0,0,0,1,0,1,0,1,1,0,0,1,0,0,0,1,1,1,1,1,0,0,1,0,0,0,0,0,0,0,0,0,0,0,0,0,0,0,0,3.0099116771,0,0,9.0894024505,8.2986888893,8.1706134297,17.631371436,12.114078001,0,1.8499965378,2
0.768869,909732,1038,1,0,0,0,0,0,0,0,1,1,0,0,0,0,1,0,0,0,1,1,0,1,1,0,0,0,1,0,0,1,1,0,1,1,0,0,0,1,0,0,1,0,0,0,0,0,0,0,0,1,2.973266203,0,-3,10.857390724,8.2620767107,8.4660243758,21.864805491,10.66951928,0,1.2797966004,2
0.006752,925343,1242,1,0,0,0,0,0,0,0,0,1,1,0,0,0,0,0,0,0,1,1,0,1,0,0,0,0,1,0,0,0,1,0,0,0,0,0,0,1,1,0,0,0,0,0,0,1,0,0,0,1,2.9962981835,0,0,10.189126272,8.8162974431,8.2373848904,18.579263139,13.013508287,0,-0.697205425,7
2.022374,909716,1010,1,0,0,0,0,0,1,1,0,0,0,1,0,0,0,1,0,0,0,1,0,0,0,0,0,0,1,0,1,0,0,0,1,0,0,0,0,0,0,0,0,0,0,1,0.635086,0,0,0,0,0,3.0394636924,0,0,10.003834798,9.1063448433,9.204390565,21.518247244,10.79405744,0,1.4158795786,7
2.336501,907298,1010,1,0,0,0,0,0,1,1,0,0,0,1,0,0,0,1,0,0,0,1,0,0,0,0,0,0,1,0,1,0,0,0,1,0,0,0,0,0,0,0,0,0,0,0,0,0,0,0,0,0,2.976818149,0,0,11.151804899,8.4640050836,8.4112568406,19.341029083,9.6827849299,0,1.4159176131,8
-4.468018,971773,226,0,0,0,0,0,0,0,0,0,0,0,0,0,0,1,0,1,0,1,1,0,0,1,0,0,0,1,0,1,0,0,0,0,1,1,0,0,0,0,0,0,0,0,0,0,0,0,0,0,0,2.9223297099,0,0,8.8816005533,8.4627762221,8.5256898879,18.752996197,9.9208505412,0,-1.815640136,3
-2.645624,907298,155,0,0,0,0,0,0,0,0,0,0,1,0,0,0,1,0,1,1,1,1,0,0,1,0,0,0,1,0,1,0,1,0,0,0,1,0,0,0,0,1,0,0,0,0,0,0,0,0,0,0,2.976818149,0,0,11.151804899,8.4640050836,8.4112568406,19.341029083,9.6827849299,0,-1.51163298,3
2.961966,1240166,185,0,0,0,0,0,0,0,1,0,0,0,0,0,0,0,0,0,1,0,1,0,0,1,0,0,0,1,0,1,0,0,0,0,0,0,0,0,0,1,1,0,0,0,0,0,1,0,0,2.7966849473,0,3.0238717604,0,0,11.482168397,10.167713696,8.8557395336,20.400662619,11.724299341,0,2.5449667485,4
1.944808,910784,306,0,0,0,0,0,0,0,0,0,0,0,0,0,0,0,1,0,0,0,0,0,0,0,0,0,0,1,0,1,0,0,0,1,0,0,0,1,0,0,0,0,0,0,0,0,0,3.1694195397,0,0,0,2.7731873637,0,0,9.4480264448,8.1521646816,8.3427107252,19.196949072,9.0332286474,0,1.8848701487,10
2.032983,909720,295,0,0,0,0,0,0,0,1,0,0,0,0,0,0,0,0,0,1,0,1,0,0,0,0,0,0,1,0,1,0,1,0,0,0,1,0,0,0,0,0,0,0,0,0,0,0,0,0,0,0,3.0099116771,0,0,9.0894024505,8.2986888893,8.1706134297,17.631371436,12.114078001,0,2.5756598569,9
-2.219418,909759,1373,1,0,0,0,0,0,0,0,0,0,0,0,0,0,0,0,0,0,0,1,0,0,1,0,0,0,1,0,1,0,0,0,0,0,0,0,0,0,0,0,0,0,0,0,0,0,0,0,0,0,3.0146730322,0,0,9.237139029,8.4702744104,7.4905298784,18.879786744,11.507563933,0,-0.708484635,4
1.935892,1240210,1019,1,1,0,0,0,0,1,1,0,0,0,0,0,0,0,1,0,0,0,1,0,1,1,0,0,0,1,1,0,0,0,0,0,0,0,0,0,0,0,1,0,0,0,0,0,0,3.3913998776,0,0,1,2.9949189991,0,0,10.228550361,8.5071086764,8.3609990245,18.427721333,11.096510538,1,2.5195942826,1
5.052226,1240210,230,0,0,0,0,0,0,0,1,0,0,0,0,0,0,0,0,0,1,1,1,0,0,1,1,0,0,1,0,0,1,0,0,0,0,1,0,0,0,0,0,0,0,0,0,0,0,3.3913998776,0,0,1,2.9949189991,0,0,10.228550361,8.5071086764,8.3609990245,18.427721333,11.096510538,1,5.1901332076,4
2.467078,1240166,1029,1,0,0,0,0,0,0,1,0,0,0,0,0,0,0,0,1,0,1,1,0,0,1,0,0,0,1,0,1,1,1,0,0,0,0,0,0,0,0,0,0,0,0,0,0,1,0,0,2.7966849473,0,3.0238717604,0,0,11.482168397,10.167713696,8.8557395336,20.400662619,11.724299341,0,3.032315476,10
2.453768009,909716,1032,1,0,0,0,1,0,0,1,0,0,0,1,0,0,0,0,0,0,0,1,0,0,0,0,0,0,1,0,1,0,1,0,1,0,0,0,0,0,0,0,0,0,0,1,0.635086,0,0,0,0,0,3.0394636924,0,0,10.003834798,9.1063448433,9.204390565,21.518247244,10.79405744,0,3.6037376627,5
2.162301,908127,256,0,0,0,0,0,0,0,1,0,0,0,0,0,0,1,0,1,0,1,1,1,1,1,0,0,0,1,0,0,0,1,0,0,0,0,0,0,0,0,1,0,0,0,1,1.27964,1,0,0,0,1,3.0421537126,0,0,10.037693787,8.9938650804,8.3185333971,19.139495065,12.828822864,0,1.71944819,10
0.730533,925343,1019,1,1,0,0,0,0,1,1,0,0,0,0,0,0,0,1,0,0,0,1,0,1,1,0,0,0,1,1,0,0,0,0,0,0,0,0,0,0,0,1,0,0,0,0,0,1,0,0,0,1,2.9962981835,0,0,10.189126272,8.8162974431,8.2373848904,18.579263139,13.013508287,0,0.2984916375,4
4.387568,909716,298,0,0,0,0,0,0,0,1,0,0,0,0,0,0,0,1,0,0,1,1,0,0,1,0,0,0,1,0,0,1,0,0,0,0,0,0,1,0,0,0,0,0,0,1,0.635086,0,0,0,0,0,3.0394636924,0,0,10.003834798,9.1063448433,9.204390565,21.518247244,10.79405744,0,3.0065525491,7
4.264675,909264,229,0,0,0,0,0,0,0,1,0,0,0,0,0,0,0,0,0,0,1,1,1,0,1,0,0,0,1,0,0,0,0,0,0,0,0,0,0,0,0,1,0,0,0,0,0,0,0,0,0,1,2.8489562007,0,0,10.179938953,8.755480529,8.5485372513,19.138951582,10.853599749,0,3.9728040976,4
2.188209,908127,1158,1,0,0,0,1,0,0,0,0,0,0,0,0,0,0,0,1,0,0,1,1,0,0,0,0,1,1,0,1,0,1,0,1,1,0,0,0,0,0,1,0,0,0,1,1.27964,1,0,0,0,1,3.0421537126,3.360290995,0,10.037693787,8.9938650804,8.3185333971,19.139495065,12.828822864,0,2.2571117768,7
3.159223,908127,1194,1,0,0,0,0,0,1,0,0,0,0,0,0,0,0,0,0,0,0,1,0,1,1,0,0,0,1,0,1,0,0,0,0,0,0,0,0,0,0,1,0,0,0,1,1.27964,1,0,0,0,1,3.0421537126,0,0,10.037693787,8.9938650804,8.3185333971,19.139495065,12.828822864,0,3.2806116194,10
-1.071838,924248,60,0,0,0,0,1,0,0,0,0,0,0,0,0,0,0,0,1,0,0,1,1,0,0,0,0,1,1,0,1,0,1,0,1,1,0,0,0,0,0,1,0,0,0,0,0.770379,0,0,0,4.9079778596,0,2.9762225287,0,0,10.286534739,8.7162113922,8.7121246012,21.756550177,14.591372756,0,2.1963369948,1
-0.412268,1299061,199,0,0,0,0,0,0,0,1,1,0,0,0,0,0,0,0,1,0,0,1,0,0,0,0,0,0,1,0,1,0,0,0,0,0,1,0,1,0,0,0,0,0,0,0,0,0,5.924603939,0,0,0,3.181275322,0,0,11.527623475,8.7989567731,8.2649243614,19.027614517,10.63934132,0,-0.425652243,9
1.777404,924248,222,0,0,0,0,0,0,0,0,0,0,0,0,0,0,0,0,0,0,0,0,0,0,0,0,0,0,1,0,1,0,0,0,0,1,0,0,0,0,0,1,0,0,0,0,0.770379,0,0,0,4.9079778596,0,2.9762225287,0,0,10.286534739,8.7162113922,8.7121246012,21.756550177,14.591372756,0,0.9625951431,10
2.190073,909732,1013,1,0,0,0,0,0,0,1,0,0,0,0,0,0,0,0,0,1,0,1,0,0,0,0,0,0,1,0,1,0,1,0,0,0,0,0,0,0,0,1,0,0,0,0,0,0,0,0,0,1,2.973266203,0,0,10.857390724,8.2620767107,8.4660243758,21.864805491,10.66951928,0,2.5544952918,1
1.293688,909716,308,0,0,0,0,0,0,1,1,0,0,0,0,0,0,0,1,0,0,0,1,0,1,0,0,0,0,1,0,0,0,0,0,1,0,0,0,0,0,0,0,1,0,0,1,0.635086,0,0,0,0,0,3.0394636924,0,0,10.003834798,9.1063448433,9.204390565,21.518247244,10.79405744,0,1.124728591,6
2.830018,1240215,1164,1,0,0,0,1,0,0,1,0,0,0,0,0,0,0,0,0,0,0,1,0,0,0,0,0,0,1,0,1,1,1,0,1,1,0,0,0,0,1,1,0,0,0,0,0,0,6.5996007032,1,0,0,3.0662629843,4.8019166656,0,9.7897319206,9.5000439039,8.3461885734,18.613933282,12.102026295,0,2.7169931817,10
3.318357,909756,219,0,0,0,0,0,0,0,0,0,0,0,0,0,0,0,0,0,0,0,1,0,0,0,0,0,0,1,0,0,1,0,1,0,1,1,0,0,0,0,1,0,0,0,0,0,0,0,0,0,0,2.8475138,0,0,9.933029521,9.3930114186,8.4369559448,20.367287435,12.196426895,0,2.3844061752,6
3.709955,909264,292,0,0,0,0,0,0,0,1,0,0,0,0,0,0,0,0,1,1,0,1,0,0,0,0,0,0,1,0,1,0,1,0,0,0,0,0,0,0,0,1,0,0,0,0,0,0,0,0,0,1,2.8489562007,0,0,10.179938953,8.755480529,8.5485372513,19.138951582,10.853599749,0,2.747252475,6
-1.918655,925343,56,0,0,0,0,1,0,0,0,0,1,0,0,0,0,1,1,0,0,0,1,0,1,1,0,0,0,1,0,1,0,0,0,1,0,0,0,0,0,0,1,0,0,0,0,0,1,0,0,0,1,2.9962981835,0,0,10.189126272,8.8162974431,8.2373848904,18.579263139,13.013508287,0,-0.623997503,4
4.389063,909756,59,0,0,0,0,0,0,0,0,0,0,0,0,0,0,0,0,0,0,0,0,0,0,0,0,0,0,1,0,1,0,1,0,0,1,0,0,0,0,0,1,0,0,0,0,0,0,0,0,0,0,2.8475138,0,0,9.933029521,9.3930114186,8.4369559448,20.367287435,12.196426895,0,3.4293621552,4
-0.151037,1240166,1024,1,0,1,0,0,0,0,1,0,0,1,0,0,0,1,0,1,1,1,1,1,0,1,0,0,0,1,0,0,0,0,0,1,1,0,0,0,0,1,1,0,0,0,0,0,1,0,0,2.7966849473,0,3.0238717604,0,0,11.482168397,10.167713696,8.8557395336,20.400662619,11.724299341,0,-1.186526958,6
3.577621,908127,299,0,0,0,0,0,0,0,0,0,0,0,0,0,0,0,0,0,1,0,1,0,1,0,0,0,0,1,0,1,0,0,0,0,0,1,0,0,0,1,1,0,0,0,1,1.27964,1,0,0,0,1,3.0421537126,0,0,10.037693787,8.9938650804,8.3185333971,19.139495065,12.828822864,0,4.0694290822,4
3.63269,971773,56,0,0,0,0,1,0,0,0,0,1,0,0,0,0,1,1,0,0,0,1,0,1,1,0,0,0,1,0,1,0,0,0,1,0,0,0,0,0,0,1,0,0,0,0,0,0,0,0,0,0,2.9223297099,0,-3,8.8816005533,8.4627762221,8.5256898879,18.752996197,9.9208505412,0,1.3538754349,6
6.055149,909754,5,0,0,0,0,0,0,0,1,0,0,0,0,0,0,0,0,0,0,1,1,0,0,0,0,0,0,1,0,0,1,1,0,0,1,0,0,0,0,0,1,0,0.874992,3.482301125,2,1.249564,4,12.400271453,2,14.35521576,4,3.2239404416,0,0,10.807558704,8.9081237696,9.3022917015,24.001803288,16.699368639,2,6.48191181,1
1.470304,908127,1010,1,0,0,0,0,0,1,1,0,0,0,1,0,0,0,1,0,0,0,1,0,0,0,0,0,0,1,0,1,0,0,0,1,0,0,0,0,0,0,0,0,0,0,1,1.27964,1,0,0,0,1,3.0421537126,0,0,10.037693787,8.9938650804,8.3185333971,19.139495065,12.828822864,0,1.4140434205,8
3.808577,909759,288,0,0,0,0,0,0,1,1,0,0,0,0,0,0,0,1,0,0,0,1,0,0,0,0,0,0,1,0,1,0,0,0,0,0,0,0,0,0,1,0,0,0,0,0,0,0,0,0,0,0,3.0146730322,0,0,9.237139029,8.4702744104,7.4905298784,18.879786744,11.507563933,0,3.1884087904,4
1.859881,910784,167,0,0,0,0,0,0,0,0,0,0,1,0,0,0,1,0,0,1,1,1,0,0,1,0,0,0,1,0,0,0,0,0,0,0,1,0,0,0,0,1,0,0,0,0,0,0,3.1694195397,0,0,0,2.7731873637,0,0,9.4480264448,8.1521646816,8.3427107252,19.196949072,9.0332286474,0,2.4691098458,8
-0.484176,906999,178,0,0,0,0,0,0,1,0,0,0,0,0,0,0,0,0,0,0,0,1,0,1,0,0,0,0,1,0,1,1,1,0,0,0,0,0,0,0,0,1,0,0.7194,3.6102271394,1,0.7194,1,7.3829576608,1,2.9446837949,1,3.0495934171,0,0,9.9476808172,9.3831420839,8.7083086013,23.755134442,11.830576137,2,-0.292006511,9
2.278464,1240210,1042,1,0,0,0,0,0,0,1,0,1,1,0,0,0,0,1,1,0,1,1,0,1,0,0,0,0,1,0,1,0,0,0,1,0,1,1,0,0,0,0,0,0,0,0,0,0,3.3913998776,0,0,1,2.9949189991,0,0,10.228550361,8.5071086764,8.3609990245,18.427721333,11.096510538,1,3.4017704602,7
5.608862,909754,249,0,0,0,0,0,0,1,1,0,0,0,0,0,0,0,1,0,0,0,1,0,1,0,0,0,0,1,0,0,0,0,0,0,0,0,0,0,0,0,0,1,0.874992,3.482301125,2,1.249564,4,12.400271453,2,14.35521576,4,3.2239404416,0,0,10.807558704,8.9081237696,9.3022917015,24.001803288,16.699368639,2,5.5917956459,6
4.347362,1240210,253,0,0,0,0,1,0,0,0,0,0,0,0,0,0,0,0,0,0,0,1,0,0,0,0,0,0,1,0,1,1,0,1,1,0,0,0,0,0,0,1,0,0,0,0,0,0,3.3913998776,0,0,1,2.9949189991,0,0,10.228550361,8.5071086764,8.3609990245,18.427721333,11.096510538,1,3.9999380306,5
-3.476263,925343,60,0,0,0,0,1,0,0,0,0,0,0,0,0,0,0,0,1,0,0,1,1,0,0,0,0,1,1,0,1,0,1,0,1,1,0,0,0,0,0,1,0,0,0,0,0,1,0,0,0,1,2.9962981835,0,0,10.189126272,8.8162974431,8.2373848904,18.579263139,13.013508287,0,2.2192220899,4
1.043512,1240215,159,0,0,0,0,0,0,0,0,0,0,1,0,0,0,1,0,1,1,1,1,0,0,1,0,0,0,1,0,1,0,1,0,0,0,0,0,0,0,0,1,0,0,0,0,0,0,6.5996007032,1,0,0,3.0662629843,0,0,9.7897319206,9.5000439039,8.3461885734,18.613933282,12.102026295,0,0.8954738827,5
1.602203,909732,302,0,0,0,0,0,0,0,0,0,0,0,0,0,0,0,0,0,0,0,1,0,0,0,0,0,0,1,0,1,1,1,0,1,1,0,0,0,0,1,0,0,0,0,0,0,0,0,0,0,1,2.973266203,0,0,10.857390724,8.2620767107,8.4660243758,21.864805491,10.66951928,0,1.0156173302,9
2.946695,924248,262,0,1,0,0,0,0,0,0,0,0,0,0,1,0,0,0,0,0,0,1,1,1,1,0,0,0,1,0,1,0,1,0,1,1,0,0,0,0,1,1,0,0,0,0,0.770379,0,0,0,4.9079778596,0,2.9762225287,0,0,10.286534739,8.7162113922,8.7121246012,21.756550177,14.591372756,0,3.0692184323,7
2.76994,1240210,293,0,0,0,0,0,0,1,0,0,1,0,0,0,0,0,0,0,0,0,1,0,1,0,0,0,0,1,0,1,1,1,0,1,0,0,0,0,0,0,1,0,0,0,0,0,0,3.3913998776,0,0,1,2.9949189991,0,0,10.228550361,8.5071086764,8.3609990245,18.427721333,11.096510538,1,2.9151928954,6
-1.004656,909264,1242,1,0,0,0,0,0,0,0,0,1,1,0,0,0,0,0,0,0,1,1,0,1,0,0,0,0,1,0,0,0,1,0,0,0,0,0,0,1,1,0,0,0,0,0,0,0,0,0,0,1,2.8489562007,0,0,10.179938953,8.755480529,8.5485372513,19.138951582,10.853599749,0,-0.737898495,5
3.990719,909720,1061,1,0,0,0,0,0,0,0,0,0,0,0,0,0,0,0,0,0,0,1,0,0,0,0,0,0,1,0,1,0,0,0,1,0,0,0,0,0,0,1,0,0,0,0,0,0,0,0,0,0,3.0099116771,0,0,9.0894024505,8.2986888893,8.1706134297,17.631371436,12.114078001,0,3.6990609474,3
5.791546,909264,193,0,0,0,0,0,0,1,0,0,0,0,0,0,0,0,0,0,0,0,1,0,1,1,0,0,0,1,0,1,0,0,0,0,0,0,0,0,0,0,0,0,0,0,0,0,0,0,0,0,1,2.8489562007,0,0,10.179938953,8.755480529,8.5485372513,19.138951582,10.853599749,0,5.276608965,1
3.021814,971773,29,0,0,0,0,0,0,0,1,0,0,0,0,0,0,1,0,1,0,1,1,0,0,1,0,0,0,1,1,1,1,1,0,0,1,0,0,0,0,0,0,0,0,0,0,0,0,0,0,0,0,2.9223297099,0,0,8.8816005533,8.4627762221,8.5256898879,18.752996197,9.9208505412,0,1.3407442652,10
3.544457,910784,330,0,0,0,0,0,0,0,1,0,0,0,0,0,0,1,0,0,1,1,1,0,0,1,0,0,0,1,0,0,0,1,0,0,1,1,1,0,0,0,0,0,0,0,0,0,0,3.1694195397,0,0,0,2.7731873637,0,0,9.4480264448,8.1521646816,8.3427107252,19.196949072,9.0332286474,0,2.6454299701,2
2.427924,909756,119,0,0,0,0,0,0,0,1,0,0,0,1,0,0,1,1,1,0,0,1,1,1,1,0,0,0,1,0,1,0,1,0,1,0,0,0,0,0,0,0,0,0,0,0,0,0,0,0,0,0,2.8475138,0,0,9.933029521,9.3930114186,8.4369559448,20.367287435,12.196426895,0,2.0751389677,4
-2.535857,909720,53,0,0,0,0,0,0,0,0,0,0,0,1,0,0,0,0,0,0,0,1,0,0,0,0,0,0,1,0,1,0,0,0,0,0,0,0,0,0,1,0,0,0,0,0,0,0,0,0,0,0,3.0099116771,0,0,9.0894024505,8.2986888893,8.1706134297,17.631371436,12.114078001,0,-1.910539892,4
0.635282,924248,6,0,0,0,0,0,0,0,1,0,0,0,0,0,1,0,0,0,0,1,1,0,0,0,0,0,0,1,0,0,1,1,0,0,1,0,0,0,0,0,1,0,0,0,0,0.770379,0,0,0,4.9079778596,0,2.9762225287,0,0,10.286534739,8.7162113922,8.7121246012,21.756550177,14.591372756,0,1.4743377292,4
3.754736,909754,176,0,0,0,0,0,1,0,0,1,0,1,0,0,1,0,0,0,0,1,1,0,1,0,0,0,0,1,0,0,0,0,0,0,0,0,0,0,0,1,0,0,0.874992,3.482301125,2,1.249564,4,12.400271453,2,14.35521576,4,3.2239404416,0,0,10.807558704,8.9081237696,9.3022917015,24.001803288,16.699368639,2,5.2661940716,4
2.541348,1240166,34,0,0,0,0,0,0,0,1,0,0,0,0,0,0,0,0,1,1,0,1,0,0,0,0,0,0,1,0,1,0,1,0,0,0,0,0,0,0,0,1,0,0,0,0,0,1,0,0,2.7966849473,0,3.0238717604,0,0,11.482168397,10.167713696,8.8557395336,20.400662619,11.724299341,0,3.8433986438,6
1.656032,1240166,1219,1,0,0,0,0,1,0,1,0,0,0,0,0,0,0,0,0,0,0,1,0,0,0,0,0,0,1,0,1,0,0,0,0,1,0,0,0,0,0,0,0,0,0,0,0,1,0,0,2.7966849473,0,3.0238717604,0,0,11.482168397,10.167713696,8.8557395336,20.400662619,11.724299341,0,1.9364789951,7
3.102208,909264,282,0,0,0,0,1,0,0,1,0,0,0,1,0,0,0,0,0,0,0,1,0,1,1,0,0,0,1,1,0,0,1,0,1,0,0,0,0,0,0,0,0,0,0,0,0,0,0,0,0,1,2.8489562007,0,0,10.179938953,8.755480529,8.5485372513,19.138951582,10.853599749,0,3.0870442757,6
2.008460242,971773,1032,1,0,0,0,1,0,0,1,0,0,0,1,0,0,0,0,0,0,0,1,0,0,0,0,0,0,1,0,1,0,1,0,1,0,0,0,0,0,0,0,0,0,0,0,0,0,0,0,0,0,2.9223297099,0,0,8.8816005533,8.4627762221,8.5256898879,18.752996197,9.9208505412,0,3.6005180238,7
-1.317782,909720,155,0,0,0,0,0,0,0,0,0,0,1,0,0,0,1,0,1,1,1,1,0,0,1,0,0,0,1,0,1,0,1,0,0,0,1,0,0,0,0,1,0,0,0,0,0,0,0,0,0,0,3.0099116771,0,0,9.0894024505,8.2986888893,8.1706134297,17.631371436,12.114078001,0,0.0693508304,10
3.523079,909754,331,0,0,0,0,0,0,0,1,0,0,0,0,0,0,1,0,1,0,1,1,1,0,1,0,0,0,1,0,0,0,1,0,0,0,1,0,0,0,0,0,0,0.874992,3.482301125,2,1.249564,4,12.400271453,2,14.35521576,4,3.2239404416,0,0,10.807558704,8.9081237696,9.3022917015,24.001803288,16.699368639,2,4.4630788274,8
4.670269,925343,1373,1,0,0,0,0,0,0,0,0,0,0,0,0,0,0,0,0,0,0,1,0,0,1,0,0,0,1,0,1,0,0,0,0,0,0,0,0,0,0,0,0,0,0,0,0,1,0,0,0,1,2.9962981835,0,0,10.189126272,8.8162974431,8.2373848904,18.579263139,13.013508287,0,4.3603949485,7
1.303546,909759,167,0,0,0,0,0,0,0,0,0,0,1,0,0,0,1,0,0,1,1,1,0,0,1,0,0,0,1,0,0,0,0,0,0,0,1,0,0,0,0,1,0,0,0,0,0,0,0,0,0,0,3.0146730322,0,0,9.237139029,8.4702744104,7.4905298784,18.879786744,11.507563933,0,1.3738956288,10
3.76817,1240166,249,0,0,0,0,0,0,1,1,0,0,0,0,0,0,0,1,0,0,0,1,0,1,0,0,0,0,1,0,0,0,0,0,0,0,0,0,0,0,0,0,1,0,0,0,0,1,0,0,2.7966849473,0,3.0238717604,0,0,11.482168397,10.167713696,8.8557395336,20.400662619,11.724299341,0,3.4076429099,7
1.399408,910784,226,0,0,0,0,0,0,0,0,0,0,0,0,0,0,1,0,1,0,1,1,0,0,1,0,0,0,1,0,1,0,0,0,0,1,1,0,0,0,0,0,0,0,0,0,0,0,3.1694195397,0,0,0,2.7731873637,0,0,9.4480264448,8.1521646816,8.3427107252,19.196949072,9.0332286474,0,0.2859462343,4
0.681208,909732,1046,1,0,0,0,0,0,0,1,0,0,1,0,0,0,1,1,1,1,1,1,1,1,1,0,1,0,1,0,0,0,0,0,0,0,0,0,0,0,1,0,0,0,0,0,0,0,0,0,0,1,2.973266203,0,0,10.857390724,8.2620767107,8.4660243758,21.864805491,10.66951928,0,1.7403460016,8
-1.172812,909732,153,0,0,1,0,0,0,0,1,0,0,1,0,0,0,1,0,1,1,1,1,1,0,1,0,0,0,1,0,0,0,1,0,1,1,0,0,0,0,0,1,0,0,0,0,0,0,0,0,0,1,2.973266203,0,0,10.857390724,8.2620767107,8.4660243758,21.864805491,10.66951928,0,-0.781970988,5
4.472405,909754,1028,1,0,0,0,0,0,0,0,0,0,0,0,0,0,0,0,0,0,0,1,0,0,1,0,0,0,1,0,1,1,1,0,0,0,0,0,0,0,0,0,0,0.874992,3.482301125,2,1.249564,4,12.400271453,2,14.35521576,4,3.2239404416,0,0,10.807558704,8.9081237696,9.3022917015,24.001803288,16.699368639,2,4.7325689516,2
-1.427629,971774,1057,1,0,0,0,0,0,0,1,0,0,0,0,0,0,1,0,1,0,1,1,0,0,1,0,0,0,1,1,1,0,0,0,0,1,0,0,0,0,0,1,0,0.807544,3.165283691,0,0.726215,1,3.4190544056,1,4.2084771202,1,3.0918643898,0,0,11.706620878,9.1123914875,8.9001265462,18.080785351,12.757518026,0,-1.63409434,6
1.503897,909720,158,0,0,0,0,0,0,0,1,0,0,0,0,0,0,0,0,0,0,0,1,1,0,0,0,0,0,1,0,1,0,0,0,0,0,0,0,0,0,0,0,0,0,0,0,0,0,0,0,0,0,3.0099116771,0,0,9.0894024505,8.2986888893,8.1706134297,17.631371436,12.114078001,0,1.7852958334,10
5.46372,909759,293,0,0,0,0,0,0,1,0,0,1,0,0,0,0,0,0,0,0,0,1,0,1,0,0,0,0,1,0,1,1,1,0,1,0,0,0,0,0,0,1,0,0,0,0,0,0,0,0,0,0,3.0146730322,0,0,9.237139029,8.4702744104,7.4905298784,18.879786744,11.507563933,0,5.5193993405,2
2.02143,909720,176,0,0,0,0,0,1,0,0,1,0,1,0,0,1,0,0,0,0,1,1,0,1,0,0,0,0,1,0,0,0,0,0,0,0,0,0,0,0,1,0,0,0,0,0,0,0,0,0,0,0,3.0099116771,0,0,9.0894024505,8.2986888893,8.1706134297,17.631371436,12.114078001,0,2.9374585981,4
4.644216,924248,199,0,0,0,0,0,0,0,1,1,0,0,0,0,0,0,0,1,0,0,1,0,0,0,0,0,0,1,0,1,0,0,0,0,0,1,0,1,0,0,0,0,0,0,0,0.770379,0,0,0,4.9079778596,0,2.9762225287,0,0,10.286534739,8.7162113922,8.7121246012,21.756550177,14.591372756,0,4.1389152277,10
2.81558,1299061,230,0,0,0,0,0,0,0,1,0,0,0,0,0,0,0,0,0,1,1,1,0,0,1,1,0,0,1,0,0,1,0,0,0,0,1,0,0,0,0,0,0,0,0,0,0,0,5.924603939,0,0,0,3.181275322,0,0,11.527623475,8.7989567731,8.2649243614,19.027614517,10.63934132,0,3.4589081979,8
0.098028,924248,155,0,0,0,0,0,0,0,0,0,0,1,0,0,0,1,0,1,1,1,1,0,0,1,0,0,0,1,0,1,0,1,0,0,0,1,0,0,0,0,1,0,0,0,0,0.770379,0,0,0,4.9079778596,0,2.9762225287,0,0,10.286534739,8.7162113922,8.7121246012,21.756550177,14.591372756,0,-0.149074987,2
1.474732,1240166,308,0,0,0,0,0,0,1,1,0,0,0,0,0,0,0,1,0,0,0,1,0,1,0,0,0,0,1,0,0,0,0,0,1,0,0,0,0,0,0,0,1,0,0,0,0,1,0,0,2.7966849473,0,3.0238717604,0,0,11.482168397,10.167713696,8.8557395336,20.400662619,11.724299341,0,0.1420628921,4
-2.124498,1240166,1242,1,0,0,0,0,0,0,0,0,1,1,0,0,0,0,0,0,0,1,1,0,1,0,0,0,0,1,0,0,0,1,0,0,0,0,0,0,1,1,0,0,0,0,0,0,1,0,0,2.7966849473,0,3.0238717604,0,0,11.482168397,10.167713696,8.8557395336,20.400662619,11.724299341,0,-0.670621254,8
2.478896,971773,1029,1,0,0,0,0,0,0,1,0,0,0,0,0,0,0,0,1,0,1,1,0,0,1,0,0,0,1,0,1,1,1,0,0,0,0,0,0,0,0,0,0,0,0,0,0,0,0,0,0,0,2.9223297099,0,0,8.8816005533,8.4627762221,8.5256898879,18.752996197,9.9208505412,0,1.7271781086,1
0.636084,909720,252,0,0,0,0,0,0,0,0,0,0,0,0,0,0,0,0,0,0,0,0,0,0,0,0,0,0,1,0,1,0,1,0,0,0,0,0,0,0,0,1,0,0,0,0,0,0,0,0,0,0,3.0099116771,0,0,9.0894024505,8.2986888893,8.1706134297,17.631371436,12.114078001,0,0.1724314942,7
-1.253489,909264,299,0,0,0,0,0,0,0,0,0,0,0,0,0,0,0,0,0,1,0,1,0,1,0,0,0,0,1,0,1,0,0,0,0,0,1,0,0,0,1,1,0,0,0,0,0,0,0,0,0,1,2.8489562007,0,0,10.179938953,8.755480529,8.5485372513,19.138951582,10.853599749,0,-0.589128939,2
0.225622,909720,312,0,1,0,0,0,0,1,1,0,0,0,0,0,0,0,1,0,0,0,1,0,1,0,0,0,0,1,0,1,1,0,0,0,0,0,0,0,0,0,0,0,0,0,0,0,0,0,0,0,0,3.0099116771,0,0,9.0894024505,8.2986888893,8.1706134297,17.631371436,12.114078001,0,0.0465661534,3
1.140347,909732,219,0,0,0,0,0,0,0,0,0,0,0,0,0,0,0,0,0,0,0,1,0,0,0,0,0,0,1,0,0,1,0,1,0,1,1,0,0,0,0,1,0,0,0,0,0,0,0,0,0,1,2.973266203,0,0,10.857390724,8.2620767107,8.4660243758,21.864805491,10.66951928,0,1.8030091056,6
1.477704,971774,1242,1,0,0,0,0,0,0,0,0,1,1,0,0,0,0,0,0,0,1,1,0,1,0,0,0,0,1,0,0,0,1,0,0,0,0,0,0,1,1,0,0,0.807544,3.165283691,0,0.726215,1,3.4190544056,1,4.2084771202,1,3.0918643898,0,0,11.706620878,9.1123914875,8.9001265462,18.080785351,12.757518026,0,1.4217340556,7
1.592521,909759,1021,1,0,0,0,0,0,0,1,1,0,0,0,0,0,0,0,0,0,0,1,0,0,0,0,0,0,1,0,0,0,1,0,0,1,1,0,1,0,0,0,0,0,0,0,0,0,0,0,0,0,3.0146730322,0,0,9.237139029,8.4702744104,7.4905298784,18.879786744,11.507563933,0,1.0773642089,10
5.199402,909264,253,0,0,0,0,1,0,0,0,0,0,0,0,0,0,0,0,0,0,0,1,0,0,0,0,0,0,1,0,1,1,0,1,1,0,0,0,0,0,0,1,0,0,0,0,0,0,0,0,0,1,2.8489562007,0,0,10.179938953,8.755480529,8.5485372513,19.138951582,10.853599749,0,4.3213256577,3
0.73893,909759,331,0,0,0,0,0,0,0,1,0,0,0,0,0,0,1,0,1,0,1,1,1,0,1,0,0,0,1,0,0,0,1,0,0,0,1,0,0,0,0,0,0,0,0,0,0,0,0,0,0,0,3.0146730322,0,0,9.237139029,8.4702744104,7.4905298784,18.879786744,11.507563933,0,1.5050057977,1
3.555436,971773,91,0,0,1,0,0,0,1,0,1,0,0,0,0,0,0,1,0,0,0,1,0,1,0,0,0,0,1,1,1,0,0,0,0,0,0,0,0,0,0,1,0,0,0,0,0,0,0,0,0,0,2.9223297099,0,0,8.8816005533,8.4627762221,8.5256898879,18.752996197,9.9208505412,0,3.4620777633,8
4.906601,1240166,192,0,0,0,0,0,0,0,0,0,0,0,0,0,0,0,0,0,0,0,0,0,0,0,0,0,0,1,0,0,0,0,0,0,0,0,0,0,0,0,0,0,0,0,0,0,1,0,0,2.7966849473,0,3.0238717604,0,0,11.482168397,10.167713696,8.8557395336,20.400662619,11.724299341,0,4.468174766,9
2.015804,909716,158,0,0,0,0,0,0,0,1,0,0,0,0,0,0,0,0,0,0,0,1,1,0,0,0,0,0,1,0,1,0,0,0,0,0,0,0,0,0,0,0,0,0,0,1,0.635086,0,0,0,0,0,3.0394636924,0,0,10.003834798,9.1063448433,9.204390565,21.518247244,10.79405744,0,2.1027160559,3
4.194936,909759,1052,1,0,0,0,0,0,0,1,0,0,0,0,0,0,1,0,1,0,0,1,0,0,1,0,0,0,1,0,0,0,1,0,0,0,0,0,0,0,0,0,0,0,0,0,0,0,0,0,0,0,3.0146730322,0,0,9.237139029,8.4702744104,7.4905298784,18.879786744,11.507563933,0,3.4898837351,2
4.014,924248,281,0,0,0,0,0,0,0,1,0,0,1,0,0,0,1,0,1,1,1,1,1,0,1,0,0,0,1,1,0,1,1,0,1,0,0,0,0,0,0,0,0,0,0,0,0.770379,0,0,0,4.9079778596,0,2.9762225287,0,0,10.286534739,8.7162113922,8.7121246012,21.756550177,14.591372756,0,3.7114491145,3
1.790647,971773,254,0,0,0,1,0,0,0,0,0,0,0,0,0,0,0,1,1,0,0,1,0,0,0,0,0,0,1,0,1,1,0,0,1,0,0,0,0,0,0,1,0,0,0,0,0,0,0,0,0,0,2.9223297099,0,0,8.8816005533,8.4627762221,8.5256898879,18.752996197,9.9208505412,0,1.9692181867,2
-1.826004,909759,157,0,0,0,0,0,0,0,0,0,0,0,0,0,0,0,0,0,0,0,1,0,0,0,0,0,0,1,0,1,0,0,0,1,0,0,0,0,0,0,0,0,0,0,0,0,0,0,0,0,0,3.0146730322,0,0,9.237139029,8.4702744104,7.4905298784,18.879786744,11.507563933,0,-1.748791029,9
5.540117,909754,282,0,0,0,0,1,0,0,1,0,0,0,1,0,0,0,0,0,0,0,1,0,1,1,0,0,0,1,1,0,0,1,0,1,0,0,0,0,0,0,0,0,0.874992,3.482301125,2,1.249564,4,12.400271453,2,14.35521576,4,3.2239404416,0,0,10.807558704,8.9081237696,9.3022917015,24.001803288,16.699368639,2,5.659311541,7
-1.16896,1240210,185,0,0,0,0,0,0,0,1,0,0,0,0,0,0,0,0,0,1,0,1,0,0,1,0,0,0,1,0,1,0,0,0,0,0,0,0,0,0,1,1,0,0,0,0,0,0,3.3913998776,0,0,1,2.9949189991,0,0,10.228550361,8.5071086764,8.3609990245,18.427721333,11.096510538,1,0.8395959982,7
0.880159,909716,1143,1,0,0,1,1,0,0,0,0,0,0,0,0,0,0,0,0,0,0,1,0,0,0,0,0,0,1,0,1,0,0,0,1,0,0,0,0,0,0,0,0,0,0,1,0.635086,0,0,0,0,0,3.0394636924,0,0,10.003834798,9.1063448433,9.204390565,21.518247244,10.79405744,0,2.0908466196,6
6.97144,909754,279,0,0,0,0,0,0,0,1,0,0,0,0,0,0,0,0,0,1,0,1,0,0,1,0,0,0,1,0,0,1,1,0,0,1,0,0,0,0,0,0,0,0.874992,3.482301125,2,1.249564,4,12.400271453,2,14.35521576,4,3.2239404416,0,0,10.807558704,8.9081237696,9.3022917015,24.001803288,16.699368639,2,8.6381292669,2
3.938765,909732,249,0,0,0,0,0,0,1,1,0,0,0,0,0,0,0,1,0,0,0,1,0,1,0,0,0,0,1,0,0,0,0,0,0,0,0,0,0,0,0,0,1,0,0,0,0,0,0,0,0,1,2.973266203,0,0,10.857390724,8.2620767107,8.4660243758,21.864805491,10.66951928,0,3.7711499924,2
1.174075,1299061,1142,1,0,0,1,0,0,0,0,0,0,0,0,0,0,0,0,0,0,0,1,0,0,0,0,0,0,1,0,1,1,1,0,0,1,0,0,0,0,0,0,0,0,0,0,0,0,5.924603939,0,0,0,3.181275322,0,0,11.527623475,8.7989567731,8.2649243614,19.027614517,10.63934132,0,0.5914092471,4
2.882705,1240210,292,0,0,0,0,0,0,0,1,0,0,0,0,0,0,0,0,1,1,0,1,0,0,0,0,0,0,1,0,1,0,1,0,0,0,0,0,0,0,0,1,0,0,0,0,0,0,3.3913998776,0,0,1,2.9949189991,0,0,10.228550361,8.5071086764,8.3609990245,18.427721333,11.096510538,1,3.1291264392,2
3.547932,1240166,206,0,0,0,0,0,0,0,0,0,0,0,0,0,0,0,0,0,0,0,1,0,0,0,0,0,0,1,1,1,0,0,0,0,0,1,0,0,0,0,0,0,0,0,0,0,1,0,0,2.7966849473,0,3.0238717604,0,0,11.482168397,10.167713696,8.8557395336,20.400662619,11.724299341,0,3.3653235455,7
2.23344,906999,273,0,0,0,0,0,0,1,1,0,0,0,0,0,0,0,1,0,0,0,1,0,1,0,0,0,0,1,0,1,0,0,0,0,0,0,0,0,0,0,0,0,0.7194,3.6102271394,1,0.7194,1,7.3829576608,1,2.9446837949,1,3.0495934171,0,0,9.9476808172,9.3831420839,8.7083086013,23.755134442,11.830576137,2,3.3049557994,2
2.7898,1240166,1030,1,0,0,0,0,0,0,0,1,0,0,0,0,1,0,0,0,0,0,1,0,1,1,0,0,0,1,0,0,1,1,0,1,1,0,0,0,1,0,0,1,0,0,0,0,1,0,0,2.7966849473,0,3.0238717604,0,0,11.482168397,10.167713696,8.8557395336,20.400662619,11.724299341,0,4.8006496208,1
2.288826,909756,277,0,0,0,0,0,0,0,1,0,0,1,0,0,0,0,0,1,0,1,1,0,0,1,0,0,0,1,0,1,0,0,0,0,0,1,1,0,0,0,0,0,0,0,0,0,0,0,0,0,0,2.8475138,0,0,9.933029521,9.3930114186,8.4369559448,20.367287435,12.196426895,0,0.9422010762,4
3.043444,925343,254,0,0,0,1,0,0,0,0,0,0,0,0,0,0,0,1,1,0,0,1,0,0,0,0,0,0,1,0,1,1,0,0,1,0,0,0,0,0,0,1,0,0,0,0,0,1,0,0,0,1,2.9962981835,0,0,10.189126272,8.8162974431,8.2373848904,18.579263139,13.013508287,0,2.334952805,3
4.489753,908127,295,0,0,0,0,0,0,0,1,0,0,0,0,0,0,0,0,0,1,0,1,0,0,0,0,0,0,1,0,1,0,1,0,0,0,1,0,0,0,0,0,0,0,0,1,1.27964,1,0,0,0,1,3.0421537126,0,0,10.037693787,8.9938650804,8.3185333971,19.139495065,12.828822864,0,4.5847332754,8
3.49421,909759,295,0,0,0,0,0,0,0,1,0,0,0,0,0,0,0,0,0,1,0,1,0,0,0,0,0,0,1,0,1,0,1,0,0,0,1,0,0,0,0,0,0,0,0,0,0,0,0,0,0,0,3.0146730322,0,0,9.237139029,8.4702744104,7.4905298784,18.879786744,11.507563933,0,3.4190823732,3
5.585146,909754,1061,1,0,0,0,0,0,0,0,0,0,0,0,0,0,0,0,0,0,0,1,0,0,0,0,0,0,1,0,1,0,0,0,1,0,0,0,0,0,0,1,0,0.874992,3.482301125,2,1.249564,4,12.400271453,2,14.35521576,4,3.2239404416,0,0,10.807558704,8.9081237696,9.3022917015,24.001803288,16.699368639,2,6.1068945289,7
0.0250825882,909720,1014,1,0,1,0,1,0,0,0,0,0,0,0,0,0,0,0,0,0,0,0,0,0,0,0,0,0,1,0,0,0,0,0,0,0,0,0,0,0,1,1,0,0,0,0,0,0,0,0,0,0,3.0099116771,0,0,9.0894024505,8.2986888893,8.1706134297,17.631371436,12.114078001,0,1.3910524152,1
-0.586717,909759,273,0,0,0,0,0,0,1,1,0,0,0,0,0,0,0,1,0,0,0,1,0,1,0,0,0,0,1,0,1,0,0,0,0,0,0,0,0,0,0,0,0,0,0,0,0,0,0,0,0,0,3.0146730322,0,0,9.237139029,8.4702744104,7.4905298784,18.879786744,11.507563933,0,-0.649192119,9
5.403297,909754,226,0,0,0,0,0,0,0,0,0,0,0,0,0,0,1,0,1,0,1,1,0,0,1,0,0,0,1,0,1,0,0,0,0,1,1,0,0,0,0,0,0,0.874992,3.482301125,2,1.249564,4,12.400271453,2,14.35521576,4,3.2239404416,0,0,10.807558704,8.9081237696,9.3022917015,24.001803288,16.699368639,2,5.5042280933,4
2.956892,1240215,253,0,0,0,0,1,0,0,0,0,0,0,0,0,0,0,0,0,0,0,1,0,0,0,0,0,0,1,0,1,1,0,1,1,0,0,0,0,0,0,1,0,0,0,0,0,0,6.5996007032,1,0,0,3.0662629843,4.8019166656,0,9.7897319206,9.5000439039,8.3461885734,18.613933282,12.102026295,0,3.8758508856,6
-0.852396,909759,1060,1,0,0,0,0,0,0,1,0,0,0,0,0,0,0,0,0,0,0,1,0,0,0,0,0,0,1,0,0,1,1,0,0,0,0,0,0,0,1,0,0,0,0,0,0,0,0,0,0,0,3.0146730322,0,0,9.237139029,8.4702744104,7.4905298784,18.879786744,11.507563933,0,-1.610699047,3
-1.919439,971773,308,0,0,0,0,0,0,1,1,0,0,0,0,0,0,0,1,0,0,0,1,0,1,0,0,0,0,1,0,0,0,0,0,1,0,0,0,0,0,0,0,1,0,0,0,0,0,0,0,0,0,2.9223297099,0,0,8.8816005533,8.4627762221,8.5256898879,18.752996197,9.9208505412,0,0.22820385,2
0.643023,971773,1037,1,0,0,0,0,0,0,0,0,0,0,0,0,0,0,0,0,0,0,0,0,0,0,0,0,0,1,0,1,0,1,0,0,1,0,0,0,0,0,0,0,0,0,0,0,0,0,0,0,0,2.9223297099,0,0,8.8816005533,8.4627762221,8.5256898879,18.752996197,9.9208505412,0,0.6883329638,2
3.983084,907298,230,0,0,0,0,0,0,0,1,0,0,0,0,0,0,0,0,0,1,1,1,0,0,1,1,0,0,1,0,0,1,0,0,0,0,1,0,0,0,0,0,0,0,0,0,0,0,0,0,0,0,2.976818149,0,0,11.151804899,8.4640050836,8.4112568406,19.341029083,9.6827849299,0,3.5642817103,8
4.330981,1240215,231,0,0,0,0,0,0,0,0,0,0,0,0,0,0,0,0,0,1,1,1,0,0,1,0,0,0,1,0,1,0,0,0,1,0,0,0,0,0,0,0,0,0,0,0,0,0,6.5996007032,1,0,0,3.0662629843,0,0,9.7897319206,9.5000439039,8.3461885734,18.613933282,12.102026295,0,5.364251667,1
0.076019,909759,312,0,1,0,0,0,0,1,1,0,0,0,0,0,0,0,1,0,0,0,1,0,1,0,0,0,0,1,0,1,1,0,0,0,0,0,0,0,0,0,0,0,0,0,0,0,0,0,0,0,0,3.0146730322,0,0,9.237139029,8.4702744104,7.4905298784,18.879786744,11.507563933,0,-1.255355285,1
5.548797,909759,193,0,0,0,0,0,0,1,0,0,0,0,0,0,0,0,0,0,0,0,1,0,1,1,0,0,0,1,0,1,0,0,0,0,0,0,0,0,0,0,0,0,0,0,0,0,0,0,0,0,0,3.0146730322,0,0,9.237139029,8.4702744104,7.4905298784,18.879786744,11.507563933,0,5.2452792409,4
2.536517,909756,54,0,0,0,0,0,0,0,1,0,0,0,0,0,0,0,1,0,0,0,1,0,0,0,0,0,0,1,0,1,0,0,0,0,0,0,0,0,0,1,0,0,0,0,0,0,0,0,0,0,0,2.8475138,0,0,9.933029521,9.3930114186,8.4369559448,20.367287435,12.196426895,0,2.7242858373,10
4.351443,909759,1039,1,0,0,0,0,0,0,0,0,1,0,0,0,0,0,0,0,0,0,1,0,1,1,0,0,1,1,0,0,0,1,0,0,0,0,0,0,1,1,0,1,0,0,0,0,0,0,0,0,0,3.0146730322,0,0,9.237139029,8.4702744104,7.4905298784,18.879786744,11.507563933,0,4.3830840971,4
2.858878,971774,1015,1,1,0,0,0,0,0,1,0,0,0,0,0,0,0,0,0,0,0,1,0,0,0,0,0,0,1,0,0,1,1,0,0,0,0,0,0,0,0,0,0,0.807544,3.165283691,0,0.726215,1,3.4190544056,1,4.2084771202,1,3.0918643898,0,0,11.706620878,9.1123914875,8.9001265462,18.080785351,12.757518026,0,2.8682681559,9
0.972441,908127,1019,1,1,0,0,0,0,1,1,0,0,0,0,0,0,0,1,0,0,0,1,0,1,1,0,0,0,1,1,0,0,0,0,0,0,0,0,0,0,0,1,0,0,0,1,1.27964,1,0,0,0,1,3.0421537126,0,0,10.037693787,8.9938650804,8.3185333971,19.139495065,12.828822864,0,1.3114593074,7
1.166439,909732,331,0,0,0,0,0,0,0,1,0,0,0,0,0,0,1,0,1,0,1,1,1,0,1,0,0,0,1,0,0,0,1,0,0,0,1,0,0,0,0,0,0,0,0,0,0,0,0,0,0,1,2.973266203,0,0,10.857390724,8.2620767107,8.4660243758,21.864805491,10.66951928,0,0.8971768714,2
1.090018,909759,1015,1,1,0,0,0,0,0,1,0,0,0,0,0,0,0,0,0,0,0,1,0,0,0,0,0,0,1,0,0,1,1,0,0,0,0,0,0,0,0,0,0,0,0,0,0,0,0,0,0,0,3.0146730322,0,0,9.237139029,8.4702744104,7.4905298784,18.879786744,11.507563933,0,1.4616863044,10
4.668855,909754,1019,1,1,0,0,0,0,1,1,0,0,0,0,0,0,0,1,0,0,0,1,0,1,1,0,0,0,1,1,0,0,0,0,0,0,0,0,0,0,0,1,0,0.874992,3.482301125,2,1.249564,4,12.400271453,2,14.35521576,4,3.2239404416,0,0,10.807558704,8.9081237696,9.3022917015,24.001803288,16.699368639,2,4.4704620937,1
0.447161,1240210,331,0,0,0,0,0,0,0,1,0,0,0,0,0,0,1,0,1,0,1,1,1,0,1,0,0,0,1,0,0,0,1,0,0,0,1,0,0,0,0,0,0,0,0,0,0,0,3.3913998776,0,0,1,2.9949189991,0,0,10.228550361,8.5071086764,8.3609990245,18.427721333,11.096510538,1,0.4987191717,5
3.625313,925343,6,0,0,0,0,0,0,0,1,0,0,0,0,0,1,0,0,0,0,1,1,0,0,0,0,0,0,1,0,0,1,1,0,0,1,0,0,0,0,0,1,0,0,0,0,0,1,0,0,0,1,2.9962981835,0,0,10.189126272,8.8162974431,8.2373848904,18.579263139,13.013508287,0,2.8641020851,4
4.710338,909756,279,0,0,0,0,0,0,0,1,0,0,0,0,0,0,0,0,0,1,0,1,0,0,1,0,0,0,1,0,0,1,1,0,0,1,0,0,0,0,0,0,0,0,0,0,0,0,0,0,0,0,2.8475138,0,0,9.933029521,9.3930114186,8.4369559448,20.367287435,12.196426895,0,3.9484058,5
0.861477,1240215,1038,1,0,0,0,0,0,0,0,1,1,0,0,0,0,1,0,0,0,1,1,0,1,1,0,0,0,1,0,0,1,1,0,1,1,0,0,0,1,0,0,1,0,0,0,0,0,6.5996007032,1,0,0,3.0662629843,0,0,9.7897319206,9.5000439039,8.3461885734,18.613933282,12.102026295,0,1.2900055821,8
3.99139,909754,1164,1,0,0,0,1,0,0,1,0,0,0,0,0,0,0,0,0,0,0,1,0,0,0,0,0,0,1,0,1,1,1,0,1,1,0,0,0,0,1,1,0,0.874992,3.482301125,2,1.249564,4,12.400271453,2,14.35521576,4,3.2239404416,0,0,10.807558704,8.9081237696,9.3022917015,24.001803288,16.699368639,2,3.8405152668,9
4.907635,909716,1015,1,1,0,0,0,0,0,1,0,0,0,0,0,0,0,0,0,0,0,1,0,0,0,0,0,0,1,0,0,1,1,0,0,0,0,0,0,0,0,0,0,0,0,1,0.635086,0,0,0,0,0,3.0394636924,0,0,10.003834798,9.1063448433,9.204390565,21.518247244,10.79405744,0,4.6480930074,10
5.199402,909264,255,0,0,0,0,0,0,0,1,0,1,0,0,0,0,1,1,1,0,0,1,0,1,1,0,0,0,1,0,1,0,0,0,1,1,0,0,0,0,0,0,0,0,0,0,0,0,0,0,0,1,2.8489562007,0,0,10.179938953,8.755480529,8.5485372513,19.138951582,10.853599749,0,5.4085906058,4
5.19608,909264,298,0,0,0,0,0,0,0,1,0,0,0,0,0,0,0,1,0,0,1,1,0,0,1,0,0,0,1,0,0,1,0,0,0,0,0,0,1,0,0,0,0,0,0,0,0,0,0,0,0,1,2.8489562007,0,0,10.179938953,8.755480529,8.5485372513,19.138951582,10.853599749,0,4.1864960371,2
-0.026759,1240210,299,0,0,0,0,0,0,0,0,0,0,0,0,0,0,0,0,0,1,0,1,0,1,0,0,0,0,1,0,1,0,0,0,0,0,1,0,0,0,1,1,0,0,0,0,0,0,3.3913998776,0,0,1,2.9949189991,0,0,10.228550361,8.5071086764,8.3609990245,18.427721333,11.096510538,1,0.0973485209,10
2.539435,924248,305,0,0,0,0,0,0,0,0,0,0,0,0,0,0,0,0,0,0,0,1,0,0,1,0,0,0,1,0,1,1,1,0,0,0,0,0,0,0,0,0,0,0,0,0,0.770379,0,0,0,4.9079778596,0,2.9762225287,0,0,10.286534739,8.7162113922,8.7121246012,21.756550177,14.591372756,0,3.9633238478,1
4.328831,909720,255,0,0,0,0,0,0,0,1,0,1,0,0,0,0,1,1,1,0,0,1,0,1,1,0,0,0,1,0,1,0,0,0,1,1,0,0,0,0,0,0,0,0,0,0,0,0,0,0,0,0,3.0099116771,0,0,9.0894024505,8.2986888893,8.1706134297,17.631371436,12.114078001,0,4.6563757064,8
0.870867,924248,64,0,0,0,0,0,0,0,0,0,0,0,0,0,0,0,0,0,1,1,1,0,0,1,0,0,0,1,0,1,0,0,0,0,0,0,0,0,0,1,0,0,0,0,0,0.770379,0,0,0,4.9079778596,0,2.9762225287,0,0,10.286534739,8.7162113922,8.7121246012,21.756550177,14.591372756,0,1.4531426366,4
-1.483173,1299061,226,0,0,0,0,0,0,0,0,0,0,0,0,0,0,1,0,1,0,1,1,0,0,1,0,0,0,1,0,1,0,0,0,0,1,1,0,0,0,0,0,0,0,0,0,0,0,5.924603939,0,0,0,3.181275322,0,0,11.527623475,8.7989567731,8.2649243614,19.027614517,10.63934132,0,0.3104976518,8
5.281197,909756,231,0,0,0,0,0,0,0,0,0,0,0,0,0,0,0,0,0,1,1,1,0,0,1,0,0,0,1,0,1,0,0,0,1,0,0,0,0,0,0,0,0,0,0,0,0,0,0,0,0,0,2.8475138,0,0,9.933029521,9.3930114186,8.4369559448,20.367287435,12.196426895,0,5.1233321305,5
5.093237,906999,345,0,0,0,0,0,0,0,1,0,0,1,0,0,0,0,0,1,0,1,1,0,0,0,0,1,0,1,0,1,0,1,0,0,0,0,0,0,0,0,0,0,0.7194,3.6102271394,1,0.7194,1,7.3829576608,1,2.9446837949,1,3.0495934171,0,0,9.9476808172,9.3831420839,8.7083086013,23.755134442,11.830576137,2,6.5049522286,3
0.042195,1240210,222,0,0,0,0,0,0,0,0,0,0,0,0,0,0,0,0,0,0,0,0,0,0,0,0,0,0,1,0,1,0,0,0,0,1,0,0,0,0,0,1,0,0,0,0,0,0,3.3913998776,0,0,1,2.9949189991,0,0,10.228550361,8.5071086764,8.3609990245,18.427721333,11.096510538,1,0.9810267654,2
2.683108,909732,282,0,0,0,0,1,0,0,1,0,0,0,1,0,0,0,0,0,0,0,1,0,1,1,0,0,0,1,1,0,0,1,0,1,0,0,0,0,0,0,0,0,0,0,0,0,0,0,0,0,1,2.973266203,0,0,10.857390724,8.2620767107,8.4660243758,21.864805491,10.66951928,0,1.6762448468,2
2.5210951761,1299061,1032,1,0,0,0,1,0,0,1,0,0,0,1,0,0,0,0,0,0,0,1,0,0,0,0,0,0,1,0,1,0,1,0,1,0,0,0,0,0,0,0,0,0,0,0,0,0,5.924603939,0,0,0,3.181275322,0,0,11.527623475,8.7989567731,8.2649243614,19.027614517,10.63934132,0,1.4234134875,2
5.153885,907298,253,0,0,0,0,1,0,0,0,0,0,0,0,0,0,0,0,0,0,0,1,0,0,0,0,0,0,1,0,1,1,0,1,1,0,0,0,0,0,0,1,0,0,0,0,0,0,0,0,0,0,2.976818149,0,0,11.151804899,8.4640050836,8.4112568406,19.341029083,9.6827849299,0,4.3764128165,9
0.435847,909732,252,0,0,0,0,0,0,0,0,0,0,0,0,0,0,0,0,0,0,0,0,0,0,0,0,0,0,1,0,1,0,1,0,0,0,0,0,0,0,0,1,0,0,0,0,0,0,0,0,0,1,2.973266203,0,0,10.857390724,8.2620767107,8.4660243758,21.864805491,10.66951928,0,-0.220583412,8
2.448993,910784,152,0,0,0,0,0,0,1,1,0,0,0,0,0,0,0,1,0,0,0,1,0,0,0,0,0,0,1,0,1,0,0,0,0,0,1,1,0,0,0,1,0,0,0,0,0,0,3.1694195397,0,0,0,2.7731873637,0,0,9.4480264448,8.1521646816,8.3427107252,19.196949072,9.0332286474,0,2.7314495897,3
5.7846244827,909754,1032,1,0,0,0,1,0,0,1,0,0,0,1,0,0,0,0,0,0,0,1,0,0,0,0,0,0,1,0,1,0,1,0,1,0,0,0,0,0,0,0,0,0.874992,3.482301125,2,1.249564,4,12.400271453,2,14.35521576,4,3.2239404416,0,0,10.807558704,8.9081237696,9.3022917015,24.001803288,16.699368639,2,3.6039635012,7
6.268804,909754,222,0,0,0,0,0,0,0,0,0,0,0,0,0,0,0,0,0,0,0,0,0,0,0,0,0,0,1,0,1,0,0,0,0,1,0,0,0,0,0,1,0,0.874992,3.482301125,2,1.249564,4,12.400271453,2,14.35521576,4,3.2239404416,0,0,10.807558704,8.9081237696,9.3022917015,24.001803288,16.699368639,2,3.1664788843,1
2.938316,907298,329,0,0,0,0,0,0,0,1,0,0,0,0,0,0,0,0,0,1,0,1,0,0,0,0,0,0,1,0,0,1,1,0,1,0,0,0,0,0,0,0,0,0,0,0,0,0,0,0,0,0,2.976818149,0,0,11.151804899,8.4640050836,8.4112568406,19.341029083,9.6827849299,0,3.530904359,6
6.652006,909754,167,0,0,0,0,0,0,0,0,0,0,1,0,0,0,1,0,0,1,1,1,0,0,1,0,0,0,1,0,0,0,0,0,0,0,1,0,0,0,0,1,0,0.874992,3.482301125,2,1.249564,4,12.400271453,2,14.35521576,4,3.2239404416,0,0,10.807558704,8.9081237696,9.3022917015,24.001803288,16.699368639,2,4.8216785801,8
0.896791,1240166,1046,1,0,0,0,0,0,0,1,0,0,1,0,0,0,1,1,1,1,1,1,1,1,1,0,1,0,1,0,0,0,0,0,0,0,0,0,0,0,1,0,0,0,0,0,0,1,0,0,2.7966849473,0,3.0238717604,0,0,11.482168397,10.167713696,8.8557395336,20.400662619,11.724299341,0,1.4458754205,8
4.489598,908127,260,0,0,0,0,0,0,0,0,0,1,1,0,0,0,0,0,1,1,1,1,0,1,0,0,0,1,1,0,1,0,1,0,0,0,0,0,0,0,0,1,0,0,0,1,1.27964,1,0,0,0,1,3.0421537126,0,0,10.037693787,8.9938650804,8.3185333971,19.139495065,12.828822864,0,3.9090439539,4
3.786312,971773,255,0,0,0,0,0,0,0,1,0,1,0,0,0,0,1,1,1,0,0,1,0,1,1,0,0,0,1,0,1,0,0,0,1,1,0,0,0,0,0,0,0,0,0,0,0,0,0,0,0,0,2.9223297099,0,-3,8.8816005533,8.4627762221,8.5256898879,18.752996197,9.9208505412,0,0.0333941458,1
3.672016,1299061,1013,1,0,0,0,0,0,0,1,0,0,0,0,0,0,0,0,0,1,0,1,0,0,0,0,0,0,1,0,1,0,1,0,0,0,0,0,0,0,0,1,0,0,0,0,0,0,5.924603939,0,0,0,3.181275322,0,0,11.527623475,8.7989567731,8.2649243614,19.027614517,10.63934132,0,3.9693988774,9
5.157876,908127,231,0,0,0,0,0,0,0,0,0,0,0,0,0,0,0,0,0,1,1,1,0,0,1,0,0,0,1,0,1,0,0,0,1,0,0,0,0,0,0,0,0,0,0,1,1.27964,1,0,0,0,1,3.0421537126,0,0,10.037693787,8.9938650804,8.3185333971,19.139495065,12.828822864,0,5.1447258902,5
1.603541,1240210,202,0,0,0,0,1,0,0,1,0,1,0,0,0,0,1,0,0,0,0,1,1,1,1,0,0,0,1,0,1,0,1,0,1,0,0,0,0,1,0,1,0,0,0,0,0,0,3.3913998776,0,0,1,2.9949189991,0,0,10.228550361,8.5071086764,8.3609990245,18.427721333,11.096510538,1,1.3103906061,7
3.83034,1240215,1203,1,0,0,0,0,0,0,1,0,0,0,0,0,0,1,0,1,0,1,1,1,0,1,0,0,0,1,0,0,0,1,0,0,0,0,0,0,0,0,0,0,0,0,0,0,0,6.5996007032,1,0,0,3.0662629843,0,0,9.7897319206,9.5000439039,8.3461885734,18.613933282,12.102026295,0,3.8110601908,8
2.388805,907298,256,0,0,0,0,0,0,0,1,0,0,0,0,0,0,1,0,1,0,1,1,1,1,1,0,0,0,1,0,0,0,1,0,0,0,0,0,0,0,0,1,0,0,0,0,0,0,0,0,0,0,2.976818149,0,0,11.151804899,8.4640050836,8.4112568406,19.341029083,9.6827849299,0,1.5069629587,4
4.974666,909754,91,0,0,1,0,0,0,1,0,1,0,0,0,0,0,0,1,0,0,0,1,0,1,0,0,0,0,1,1,1,0,0,0,0,0,0,0,0,0,0,1,0,0.874992,3.482301125,2,1.249564,4,12.400271453,2,14.35521576,4,3.2239404416,0,0,10.807558704,8.9081237696,9.3022917015,24.001803288,16.699368639,2,5.3734581338,6
4.470025,909716,192,0,0,0,0,0,0,0,0,0,0,0,0,0,0,0,0,0,0,0,0,0,0,0,0,0,0,1,0,0,0,0,0,0,0,0,0,0,0,0,0,0,0,0,1,0.635086,0,0,0,0,0,3.0394636924,0,0,10.003834798,9.1063448433,9.204390565,21.518247244,10.79405744,0,4.8074440979,6
-3.700108,910784,283,0,0,0,0,0,0,0,1,0,0,0,0,0,0,1,0,1,0,1,1,0,1,1,0,0,0,1,0,0,0,0,0,0,0,1,0,0,0,0,1,0,0,0,0,0,0,3.1694195397,0,0,0,2.7731873637,0,0,9.4480264448,8.1521646816,8.3427107252,19.196949072,9.0332286474,0,-3.752965081,1
3.171483,907298,185,0,0,0,0,0,0,0,1,0,0,0,0,0,0,0,0,0,1,0,1,0,0,1,0,0,0,1,0,1,0,0,0,0,0,0,0,0,0,1,1,0,0,0,0,0,0,0,0,0,0,2.976818149,0,0,11.151804899,8.4640050836,8.4112568406,19.341029083,9.6827849299,0,3.0719401774,3
3.020767,909759,291,0,1,0,0,0,0,0,1,0,0,0,1,1,0,0,0,0,0,0,1,0,0,1,0,0,0,1,1,0,0,0,0,0,0,0,0,0,0,0,1,0,0,0,0,0,0,0,0,0,0,3.0146730322,0,0,9.237139029,8.4702744104,7.4905298784,18.879786744,11.507563933,0,2.4080866786,2
2.841303,1299061,1158,1,0,0,0,1,0,0,0,0,0,0,0,0,0,0,0,1,0,0,1,1,0,0,0,0,1,1,0,1,0,1,0,1,1,0,0,0,0,0,1,0,0,0,0,0,0,5.924603939,0,0,0,3.181275322,0,0,11.527623475,8.7989567731,8.2649243614,19.027614517,10.63934132,0,2.2195022029,3
4.580508,1240166,177,0,0,0,0,0,0,0,0,0,0,1,0,0,0,1,0,0,1,1,1,0,1,1,0,0,0,1,0,1,0,1,0,0,0,0,0,0,0,1,0,0,0,0,0,0,1,0,0,2.7966849473,0,3.0238717604,0,0,11.482168397,10.167713696,8.8557395336,20.400662619,11.724299341,0,2.9587337013,7
3.448413,925343,301,0,0,0,0,0,0,0,0,0,0,0,0,0,0,0,0,0,0,0,1,0,0,0,0,0,0,0,0,0,0,0,0,0,1,1,1,0,0,0,1,0,0,0,0,0,1,0,0,0,1,2.9962981835,0,0,10.189126272,8.8162974431,8.2373848904,18.579263139,13.013508287,0,3.5947975881,7
5.644834,1240215,305,0,0,0,0,0,0,0,0,0,0,0,0,0,0,0,0,0,0,0,1,0,0,1,0,0,0,1,0,1,1,1,0,0,0,0,0,0,0,0,0,0,0,0,0,0,0,6.5996007032,1,0,0,3.0662629843,0,0,9.7897319206,9.5000439039,8.3461885734,18.613933282,12.102026295,0,4.190988764,2
5.159025,908127,305,0,0,0,0,0,0,0,0,0,0,0,0,0,0,0,0,0,0,0,1,0,0,1,0,0,0,1,0,1,1,1,0,0,0,0,0,0,0,0,0,0,0,0,1,1.27964,1,0,0,0,1,3.0421537126,0,0,10.037693787,8.9938650804,8.3185333971,19.139495065,12.828822864,0,6.1601278969,7
3.238684,909759,304,0,0,1,0,0,0,0,0,0,0,0,0,0,0,0,0,1,0,0,1,0,0,1,0,0,0,1,0,1,0,0,0,0,0,0,0,0,0,0,1,0,0,0,0,0,0,0,0,0,0,3.0146730322,0,0,9.237139029,8.4702744104,7.4905298784,18.879786744,11.507563933,0,3.4702547742,3
4.299253,1240210,1373,1,0,0,0,0,0,0,0,0,0,0,0,0,0,0,0,0,0,0,1,0,0,1,0,0,0,1,0,1,0,0,0,0,0,0,0,0,0,0,0,0,0,0,0,0,0,3.3913998776,0,0,1,2.9949189991,0,0,10.228550361,8.5071086764,8.3609990245,18.427721333,11.096510538,1,2.6399084301,9
2.188056,1240215,229,0,0,0,0,0,0,0,1,0,0,0,0,0,0,0,0,0,0,1,1,1,0,1,0,0,0,1,0,0,0,0,0,0,0,0,0,0,0,0,1,0,0,0,0,0,0,6.5996007032,1,0,0,3.0662629843,0,0,9.7897319206,9.5000439039,8.3461885734,18.613933282,12.102026295,0,3.3284150848,9
2.737219,909732,1023,1,0,0,0,0,0,0,1,0,0,0,0,0,0,0,0,0,0,1,1,0,0,1,0,0,0,1,0,0,0,1,0,0,0,0,0,0,0,0,1,0,0,0,0,0,0,0,0,0,1,2.973266203,0,0,10.857390724,8.2620767107,8.4660243758,21.864805491,10.66951928,0,2.0439113187,2
-0.186026,1299061,222,0,0,0,0,0,0,0,0,0,0,0,0,0,0,0,0,0,0,0,0,0,0,0,0,0,0,1,0,1,0,0,0,0,1,0,0,0,0,0,1,0,0,0,0,0,0,5.924603939,0,0,0,3.181275322,0,0,11.527623475,8.7989567731,8.2649243614,19.027614517,10.63934132,0,3.0757080313,1
3.665302,909759,1053,1,0,0,0,0,0,0,0,0,0,0,0,0,0,0,0,0,1,1,1,0,0,1,0,0,0,1,0,1,0,0,0,0,1,1,0,0,0,0,0,0,0,0,0,0,0,0,0,0,0,3.0146730322,0,0,9.237139029,8.4702744104,7.4905298784,18.879786744,11.507563933,0,3.5952547019,2
3.971652,909756,192,0,0,0,0,0,0,0,0,0,0,0,0,0,0,0,0,0,0,0,0,0,0,0,0,0,0,1,0,0,0,0,0,0,0,0,0,0,0,0,0,0,0,0,0,0,0,0,0,0,0,2.8475138,0,0,9.933029521,9.3930114186,8.4369559448,20.367287435,12.196426895,0,4.3128459761,6
-0.47927,909720,1059,1,0,0,0,0,0,0,0,0,1,0,0,0,0,1,0,0,0,0,1,0,1,1,0,0,0,1,0,1,0,0,0,1,0,0,0,0,0,1,0,0,0,0,0,0,0,0,0,0,0,3.0099116771,0,0,9.0894024505,8.2986888893,8.1706134297,17.631371436,12.114078001,0,0.0868423101,5
2.826854,909732,222,0,0,0,0,0,0,0,0,0,0,0,0,0,0,0,0,0,0,0,0,0,0,0,0,0,0,1,0,1,0,0,0,0,1,0,0,0,0,0,1,0,0,0,0,0,0,0,0,0,1,2.973266203,0,0,10.857390724,8.2620767107,8.4660243758,21.864805491,10.66951928,0,2.3579307996,4
-0.688869,1240215,1054,1,0,0,0,0,0,0,0,0,0,0,0,0,0,0,0,0,0,1,1,0,0,0,0,0,0,1,0,1,1,0,0,0,1,0,0,0,0,0,1,1,0,0,0,0,0,6.5996007032,1,0,0,3.0662629843,0,0,9.7897319206,9.5000439039,8.3461885734,18.613933282,12.102026295,0,0.9190720371,9
0.939127,909756,32,0,0,0,0,0,0,0,0,0,0,0,0,0,0,0,0,0,0,0,0,0,0,0,0,0,0,1,0,1,0,0,0,0,0,1,1,0,0,0,1,0,0,0,0,0,0,0,0,0,0,2.8475138,0,0,9.933029521,9.3930114186,8.4369559448,20.367287435,12.196426895,0,0.2999997331,5
-3.02049,909759,1024,1,0,1,0,0,0,0,1,0,0,1,0,0,0,1,0,1,1,1,1,1,0,1,0,0,0,1,0,0,0,0,0,1,1,0,0,0,0,1,1,0,0,0,0,0,0,0,0,0,0,3.0146730322,0,0,9.237139029,8.4702744104,7.4905298784,18.879786744,11.507563933,0,-2.881230473,9
4.177308,1240166,260,0,0,0,0,0,0,0,0,0,1,1,0,0,0,0,0,1,1,1,1,0,1,0,0,0,1,1,0,1,0,1,0,0,0,0,0,0,0,0,1,0,0,0,0,0,1,0,0,2.7966849473,0,3.0238717604,0,0,11.482168397,10.167713696,8.8557395336,20.400662619,11.724299341,0,3.762308707,4
0.559172,1240215,1053,1,0,0,0,0,0,0,0,0,0,0,0,0,0,0,0,0,1,1,1,0,0,1,0,0,0,1,0,1,0,0,0,0,1,1,0,0,0,0,0,0,0,0,0,0,0,6.5996007032,1,0,0,3.0662629843,0,0,9.7897319206,9.5000439039,8.3461885734,18.613933282,12.102026295,0,1.0293645301,10
2.867644,907298,1042,1,0,0,0,0,0,0,1,0,1,1,0,0,0,0,1,1,0,1,1,0,1,0,0,0,0,1,0,1,0,0,0,1,0,1,1,0,0,0,0,0,0,0,0,0,0,0,0,0,0,2.976818149,0,0,11.151804899,8.4640050836,8.4112568406,19.341029083,9.6827849299,0,3.5397893738,10
3.449775,909754,52,0,0,0,0,0,0,0,0,0,0,0,0,0,0,1,1,0,0,0,1,1,0,1,0,0,0,1,0,1,0,1,0,0,0,0,0,0,0,0,0,0,0.874992,3.482301125,2,1.249564,4,12.400271453,2,14.35521576,4,3.2239404416,0,0,10.807558704,8.9081237696,9.3022917015,24.001803288,16.699368639,2,4.8532318674,2
4.187231,909264,279,0,0,0,0,0,0,0,1,0,0,0,0,0,0,0,0,0,1,0,1,0,0,1,0,0,0,1,0,0,1,1,0,0,1,0,0,0,0,0,0,0,0,0,0,0,0,0,0,0,1,2.8489562007,0,0,10.179938953,8.755480529,8.5485372513,19.138951582,10.853599749,0,4.2872667368,6
3.364707,1240215,185,0,0,0,0,0,0,0,1,0,0,0,0,0,0,0,0,0,1,0,1,0,0,1,0,0,0,1,0,1,0,0,0,0,0,0,0,0,0,1,1,0,0,0,0,0,0,6.5996007032,1,0,0,3.0662629843,0,0,9.7897319206,9.5000439039,8.3461885734,18.613933282,12.102026295,0,3.4470473628,6
1.7188,1240215,331,0,0,0,0,0,0,0,1,0,0,0,0,0,0,1,0,1,0,1,1,1,0,1,0,0,0,1,0,0,0,1,0,0,0,1,0,0,0,0,0,0,0,0,0,0,0,6.5996007032,1,0,0,3.0662629843,0,0,9.7897319206,9.5000439039,8.3461885734,18.613933282,12.102026295,0,0.8455940187,4
6.965944,909754,294,0,0,0,1,1,0,0,0,0,0,0,0,0,0,0,0,0,0,0,1,0,0,0,0,0,0,1,0,1,0,0,0,1,0,0,0,0,0,1,0,0,0.874992,3.482301125,2,1.249564,4,12.400271453,2,14.35521576,4,3.2239404416,0,0,10.807558704,8.9081237696,9.3022917015,24.001803288,16.699368639,2,6.5128272937,2
0.5656225766,925343,1014,1,0,1,0,1,0,0,0,0,0,0,0,0,0,0,0,0,0,0,0,0,0,0,0,0,0,1,0,0,0,0,0,0,0,0,0,0,0,1,1,0,0,0,0,0,1,0,0,0,1,2.9962981835,0,0,10.189126272,8.8162974431,8.2373848904,18.579263139,13.013508287,0,1.3861850786,6
3.755341,909720,326,0,0,0,0,0,0,0,0,0,0,0,0,0,0,0,0,0,0,0,0,0,0,0,0,0,0,1,0,1,0,0,0,1,0,0,0,0,0,0,1,0,0,0,0,0,0,0,0,0,0,3.0099116771,0,0,9.0894024505,8.2986888893,8.1706134297,17.631371436,12.114078001,0,3.5945096749,7
-1.906125,971773,299,0,0,0,0,0,0,0,0,0,0,0,0,0,0,0,0,0,1,0,1,0,1,0,0,0,0,1,0,1,0,0,0,0,0,1,0,0,0,1,1,0,0,0,0,0,0,0,0,0,0,2.9223297099,0,0,8.8816005533,8.4627762221,8.5256898879,18.752996197,9.9208505412,0,-1.04858259,7
2.401256,909720,277,0,0,0,0,0,0,0,1,0,0,1,0,0,0,0,0,1,0,1,1,0,0,1,0,0,0,1,0,1,0,0,0,0,0,1,1,0,0,0,0,0,0,0,0,0,0,0,0,0,0,3.0099116771,0,0,9.0894024505,8.2986888893,8.1706134297,17.631371436,12.114078001,0,1.8381428327,5
-4.232599,925343,1057,1,0,0,0,0,0,0,1,0,0,0,0,0,0,1,0,1,0,1,1,0,0,1,0,0,0,1,1,1,0,0,0,0,1,0,0,0,0,0,1,0,0,0,0,0,1,0,0,0,1,2.9962981835,0,0,10.189126272,8.8162974431,8.2373848904,18.579263139,13.013508287,0,-3.630531506,4
2.088567,971774,1037,1,0,0,0,0,0,0,0,0,0,0,0,0,0,0,0,0,0,0,0,0,0,0,0,0,0,1,0,1,0,1,0,0,1,0,0,0,0,0,0,0,0.807544,3.165283691,0,0.726215,1,3.4190544056,1,4.2084771202,1,3.0918643898,0,0,11.706620878,9.1123914875,8.9001265462,18.080785351,12.757518026,0,2.068670405,3
-4.181183,909720,1372,1,0,0,0,0,0,0,0,0,0,0,0,0,0,0,0,0,0,0,0,0,0,0,1,0,0,1,0,1,1,0,0,0,1,0,0,0,0,0,0,0,0,0,0,0,0,0,0,0,0,3.0099116771,0,0,9.0894024505,8.2986888893,8.1706134297,17.631371436,12.114078001,0,-1.771747728,2
2.221504,924248,254,0,0,0,1,0,0,0,0,0,0,0,0,0,0,0,1,1,0,0,1,0,0,0,0,0,0,1,0,1,1,0,0,1,0,0,0,0,0,0,1,0,0,0,0,0.770379,0,0,0,4.9079778596,0,2.9762225287,0,0,10.286534739,8.7162113922,8.7121246012,21.756550177,14.591372756,0,2.1443136568,8
-4.902249,909264,1372,1,0,0,0,0,0,0,0,0,0,0,0,0,0,0,0,0,0,0,0,0,0,0,1,0,0,1,0,1,1,0,0,0,1,0,0,0,0,0,0,0,0,0,0,0,0,0,0,0,1,2.8489562007,0,0,10.179938953,8.755480529,8.5485372513,19.138951582,10.853599749,0,-1.946784229,8
0.925344,971773,177,0,0,0,0,0,0,0,0,0,0,1,0,0,0,1,0,0,1,1,1,0,1,1,0,0,0,1,0,1,0,1,0,0,0,0,0,0,0,1,0,0,0,0,0,0,0,0,0,0,0,2.9223297099,0,0,8.8816005533,8.4627762221,8.5256898879,18.752996197,9.9208505412,0,1.8182215535,7
2.577745,1240210,1030,1,0,0,0,0,0,0,0,1,0,0,0,0,1,0,0,0,0,0,1,0,1,1,0,0,0,1,0,0,1,1,0,1,1,0,0,0,1,0,0,1,0,0,0,0,0,3.3913998776,0,0,1,2.9949189991,0,0,10.228550361,8.5071086764,8.3609990245,18.427721333,11.096510538,1,3.2237687628,1
0.190681,1240166,35,0,0,0,1,1,0,0,0,0,0,0,0,0,0,0,0,0,0,0,0,0,0,0,0,0,0,1,0,1,0,0,0,1,0,0,0,0,0,0,1,0,0,0,0,0,1,0,0,2.7966849473,0,3.0238717604,0,0,11.482168397,10.167713696,8.8557395336,20.400662619,11.724299341,0,0.3772274222,4
2.596567,925343,178,0,0,0,0,0,0,1,0,0,0,0,0,0,0,0,0,0,0,0,1,0,1,0,0,0,0,1,0,1,1,1,0,0,0,0,0,0,0,0,1,0,0,0,0,0,1,0,0,0,1,2.9962981835,0,0,10.189126272,8.8162974431,8.2373848904,18.579263139,13.013508287,0,2.067663219,1
3.927515,909720,279,0,0,0,0,0,0,0,1,0,0,0,0,0,0,0,0,0,1,0,1,0,0,1,0,0,0,1,0,0,1,1,0,0,1,0,0,0,0,0,0,0,0,0,0,0,0,0,0,0,0,3.0099116771,0,0,9.0894024505,8.2986888893,8.1706134297,17.631371436,12.114078001,0,3.1352615215,10
3.026452,909720,1013,1,0,0,0,0,0,0,1,0,0,0,0,0,0,0,0,0,1,0,1,0,0,0,0,0,0,1,0,1,0,1,0,0,0,0,0,0,0,0,1,0,0,0,0,0,0,0,0,0,0,3.0099116771,0,0,9.0894024505,8.2986888893,8.1706134297,17.631371436,12.114078001,0,2.1102720111,4
0.243529,907298,1029,1,0,0,0,0,0,0,1,0,0,0,0,0,0,0,0,1,0,1,1,0,0,1,0,0,0,1,0,1,1,1,0,0,0,0,0,0,0,0,0,0,0,0,0,0,0,0,0,0,0,2.976818149,0,0,11.151804899,8.4640050836,8.4112568406,19.341029083,9.6827849299,0,1.3525185049,10
1.571846,909716,1046,1,0,0,0,0,0,0,1,0,0,1,0,0,0,1,1,1,1,1,1,1,1,1,0,1,0,1,0,0,0,0,0,0,0,0,0,0,0,1,0,0,0,0,1,0.635086,0,0,0,0,0,3.0394636924,0,0,10.003834798,9.1063448433,9.204390565,21.518247244,10.79405744,0,1.550801517,4
0.96496,909716,256,0,0,0,0,0,0,0,1,0,0,0,0,0,0,1,0,1,0,1,1,1,1,1,0,0,0,1,0,0,0,1,0,0,0,0,0,0,0,0,1,0,0,0,1,0.635086,0,0,0,0,0,3.0394636924,0,0,10.003834798,9.1063448433,9.204390565,21.518247244,10.79405744,0,0.6856929156,2
3.707801,971773,5,0,0,0,0,0,0,0,1,0,0,0,0,0,0,0,0,0,0,1,1,0,0,0,0,0,0,1,0,0,1,1,0,0,1,0,0,0,0,0,1,0,0,0,0,0,0,0,0,0,0,2.9223297099,0,0,8.8816005533,8.4627762221,8.5256898879,18.752996197,9.9208505412,0,3.0314041793,10
1.130534,925343,158,0,0,0,0,0,0,0,1,0,0,0,0,0,0,0,0,0,0,0,1,1,0,0,0,0,0,1,0,1,0,0,0,0,0,0,0,0,0,0,0,0,0,0,0,0,1,0,0,0,1,2.9962981835,0,0,10.189126272,8.8162974431,8.2373848904,18.579263139,13.013508287,0,1.0093861513,9
0.450154,1240166,273,0,0,0,0,0,0,1,1,0,0,0,0,0,0,0,1,0,0,0,1,0,1,0,0,0,0,1,0,1,0,0,0,0,0,0,0,0,0,0,0,0,0,0,0,0,1,0,0,2.7966849473,0,3.0238717604,0,0,11.482168397,10.167713696,8.8557395336,20.400662619,11.724299341,0,-0.024096409,1
1.753884,971773,51,0,1,0,0,0,0,0,1,0,0,0,0,1,0,0,0,0,0,0,1,0,0,0,0,0,0,1,0,1,1,1,0,1,0,0,0,0,0,0,1,0,0,0,0,0,0,0,0,0,0,2.9223297099,0,0,8.8816005533,8.4627762221,8.5256898879,18.752996197,9.9208505412,0,0.1146611607,10
4.988835,925343,288,0,0,0,0,0,0,1,1,0,0,0,0,0,0,0,1,0,0,0,1,0,0,0,0,0,0,1,0,1,0,0,0,0,0,0,0,0,0,1,0,0,0,0,0,0,1,0,0,0,1,2.9962981835,0,0,10.189126272,8.8162974431,8.2373848904,18.579263139,13.013508287,0,4.2247304975,1
3.875928,908127,293,0,0,0,0,0,0,1,0,0,1,0,0,0,0,0,0,0,0,0,1,0,1,0,0,0,0,1,0,1,1,1,0,1,0,0,0,0,0,0,1,0,0,0,1,1.27964,1,0,0,0,1,3.0421537126,0,0,10.037693787,8.9938650804,8.3185333971,19.139495065,12.828822864,0,3.6183801219,9
5.335699,909720,263,0,0,0,0,0,0,0,0,0,0,0,0,0,0,0,0,0,0,0,1,0,0,1,0,0,0,1,0,0,0,0,0,0,0,1,1,0,0,0,0,0,0,0,0,0,0,0,0,0,0,3.0099116771,0,0,9.0894024505,8.2986888893,8.1706134297,17.631371436,12.114078001,0,5.2946545329,10
2.94786,909720,291,0,1,0,0,0,0,0,1,0,0,0,1,1,0,0,0,0,0,0,1,0,0,1,0,0,0,1,1,0,0,0,0,0,0,0,0,0,0,0,1,0,0,0,0,0,0,0,0,0,0,3.0099116771,0,0,9.0894024505,8.2986888893,8.1706134297,17.631371436,12.114078001,0,2.3122438118,1
1.720847,908127,207,0,0,0,1,0,0,0,0,0,0,0,0,0,0,0,0,0,0,0,1,0,0,0,0,0,0,1,1,1,0,0,0,0,0,0,0,0,0,0,0,0,0,0,1,1.27964,1,0,0,0,1,3.0421537126,0,0,10.037693787,8.9938650804,8.3185333971,19.139495065,12.828822864,0,1.0874040194,1
0.893681,909720,1142,1,0,0,1,0,0,0,0,0,0,0,0,0,0,0,0,0,0,0,1,0,0,0,0,0,0,1,0,1,1,1,0,0,1,0,0,0,0,0,0,0,0,0,0,0,0,0,0,0,0,3.0099116771,0,0,9.0894024505,8.2986888893,8.1706134297,17.631371436,12.114078001,0,0.718202268,1
2.336921,924248,37,0,0,0,0,0,0,0,0,0,0,0,0,0,0,0,0,0,0,1,1,0,1,0,0,0,0,1,0,1,0,0,0,1,0,1,0,0,0,0,0,0,0,0,0,0.770379,0,0,0,4.9079778596,0,2.9762225287,0,0,10.286534739,8.7162113922,8.7121246012,21.756550177,14.591372756,0,-0.026096388,5
0.970389,925343,312,0,1,0,0,0,0,1,1,0,0,0,0,0,0,0,1,0,0,0,1,0,1,0,0,0,0,1,0,1,1,0,0,0,0,0,0,0,0,0,0,0,0,0,0,0,1,0,0,0,1,2.9962981835,0,0,10.189126272,8.8162974431,8.2373848904,18.579263139,13.013508287,0,0.8196734159,9
3.2479,909759,34,0,0,0,0,0,0,0,1,0,0,0,0,0,0,0,0,1,1,0,1,0,0,0,0,0,0,1,0,1,0,1,0,0,0,0,0,0,0,0,1,0,0,0,0,0,0,0,0,0,0,3.0146730322,0,0,9.237139029,8.4702744104,7.4905298784,18.879786744,11.507563933,0,2.5634139915,8
4.359362,907298,221,0,0,0,0,0,0,0,0,0,0,0,0,0,0,1,0,0,0,0,1,0,0,1,0,0,0,1,0,1,0,1,0,0,0,0,0,0,0,0,0,0,0,0,0,0,0,0,0,0,0,2.976818149,0,0,11.151804899,8.4640050836,8.4112568406,19.341029083,9.6827849299,0,4.3981542088,2
1.464736,1240210,306,0,0,0,0,0,0,0,0,0,0,0,0,0,0,0,1,0,0,0,0,0,0,0,0,0,0,1,0,1,0,0,0,1,0,0,0,1,0,0,0,0,0,0,0,0,0,3.3913998776,0,0,1,2.9949189991,0,0,10.228550361,8.5071086764,8.3609990245,18.427721333,11.096510538,1,1.6696528521,10
2.595468,1240215,293,0,0,0,0,0,0,1,0,0,1,0,0,0,0,0,0,0,0,0,1,0,1,0,0,0,0,1,0,1,1,1,0,1,0,0,0,0,0,0,1,0,0,0,0,0,0,6.5996007032,1,0,0,3.0662629843,0,0,9.7897319206,9.5000439039,8.3461885734,18.613933282,12.102026295,0,3.3369093168,2
3.802328,971773,253,0,0,0,0,1,0,0,0,0,0,0,0,0,0,0,0,0,0,0,1,0,0,0,0,0,0,1,0,1,1,0,1,1,0,0,0,0,0,0,1,0,0,0,0,0,0,0,0,0,0,2.9223297099,0,0,8.8816005533,8.4627762221,8.5256898879,18.752996197,9.9208505412,0,4.1221743734,5
2.612373,909756,185,0,0,0,0,0,0,0,1,0,0,0,0,0,0,0,0,0,1,0,1,0,0,1,0,0,0,1,0,1,0,0,0,0,0,0,0,0,0,1,1,0,0,0,0,0,0,0,0,0,0,2.8475138,0,0,9.933029521,9.3930114186,8.4369559448,20.367287435,12.196426895,0,2.2443305337,9
2.941904,924248,294,0,0,0,1,1,0,0,0,0,0,0,0,0,0,0,0,0,0,0,1,0,0,0,0,0,0,1,0,1,0,0,0,1,0,0,0,0,0,1,0,0,0,0,0,0.770379,0,0,0,4.9079778596,0,2.9762225287,0,0,10.286534739,8.7162113922,8.7121246012,21.756550177,14.591372756,0,3.1783201062,8
-2.743052,925343,184,0,0,0,0,0,0,0,0,0,0,0,0,0,0,0,0,0,0,0,0,0,0,0,0,0,0,1,0,1,0,0,0,0,0,1,1,0,0,0,1,0,0,0,0,0,1,0,0,0,1,2.9962981835,0,0,10.189126272,8.8162974431,8.2373848904,18.579263139,13.013508287,0,-2.600079336,3
-0.539788,909759,308,0,0,0,0,0,0,1,1,0,0,0,0,0,0,0,1,0,0,0,1,0,1,0,0,0,0,1,0,0,0,0,0,1,0,0,0,0,0,0,0,1,0,0,0,0,0,0,0,0,0,3.0146730322,0,0,9.237139029,8.4702744104,7.4905298784,18.879786744,11.507563933,0,-0.213867147,7
5.571921,971774,230,0,0,0,0,0,0,0,1,0,0,0,0,0,0,0,0,0,1,1,1,0,0,1,1,0,0,1,0,0,1,0,0,0,0,1,0,0,0,0,0,0,0.807544,3.165283691,0,0.726215,1,3.4190544056,1,4.2084771202,1,3.0918643898,0,0,11.706620878,9.1123914875,8.9001265462,18.080785351,12.757518026,0,5.5601852815,6
4.997892,909732,345,0,0,0,0,0,0,0,1,0,0,1,0,0,0,0,0,1,0,1,1,0,0,0,0,1,0,1,0,1,0,1,0,0,0,0,0,0,0,0,0,0,0,0,0,0,0,0,0,0,1,2.973266203,0,0,10.857390724,8.2620767107,8.4660243758,21.864805491,10.66951928,0,4.3165015383,9
3.910942,908127,326,0,0,0,0,0,0,0,0,0,0,0,0,0,0,0,0,0,0,0,0,0,0,0,0,0,0,1,0,1,0,0,0,1,0,0,0,0,0,0,1,0,0,0,1,1.27964,1,0,0,0,1,3.0421537126,0,0,10.037693787,8.9938650804,8.3185333971,19.139495065,12.828822864,0,3.1678723132,3
4.354117,909756,304,0,0,1,0,0,0,0,0,0,0,0,0,0,0,0,0,1,0,0,1,0,0,1,0,0,0,1,0,1,0,0,0,0,0,0,0,0,0,0,1,0,0,0,0,0,0,0,0,0,0,2.8475138,0,0,9.933029521,9.3930114186,8.4369559448,20.367287435,12.196426895,0,4.1116421759,2
2.389244,909720,254,0,0,0,1,0,0,0,0,0,0,0,0,0,0,0,1,1,0,0,1,0,0,0,0,0,0,1,0,1,1,0,0,1,0,0,0,0,0,0,1,0,0,0,0,0,0,0,0,0,0,3.0099116771,0,0,9.0894024505,8.2986888893,8.1706134297,17.631371436,12.114078001,0,2.1055590692,7
1.03348,909756,235,0,0,0,0,0,0,0,1,0,0,0,0,0,0,1,0,1,0,1,1,1,0,1,0,0,0,1,0,0,0,1,0,0,1,1,0,0,0,0,0,0,0,0,0,0,0,0,0,0,0,2.8475138,0,0,9.933029521,9.3930114186,8.4369559448,20.367287435,12.196426895,0,0.8864777554,10
3.252953,910784,291,0,1,0,0,0,0,0,1,0,0,0,1,1,0,0,0,0,0,0,1,0,0,1,0,0,0,1,1,0,0,0,0,0,0,0,0,0,0,0,1,0,0,0,0,0,0,3.1694195397,0,0,0,2.7731873637,0,0,9.4480264448,8.1521646816,8.3427107252,19.196949072,9.0332286474,0,2.2807381937,1
3.379476,925343,1,0,0,0,0,0,0,1,1,0,0,0,0,0,0,0,1,0,0,0,1,0,0,0,0,0,0,1,0,1,0,0,0,0,0,0,0,0,0,0,0,0,0,0,0,0,1,0,0,0,1,2.9962981835,0,0,10.189126272,8.8162974431,8.2373848904,18.579263139,13.013508287,0,2.9070299538,2
1.801615,907298,273,0,0,0,0,0,0,1,1,0,0,0,0,0,0,0,1,0,0,0,1,0,1,0,0,0,0,1,0,1,0,0,0,0,0,0,0,0,0,0,0,0,0,0,0,0,0,0,0,0,0,2.976818149,0,0,11.151804899,8.4640050836,8.4112568406,19.341029083,9.6827849299,0,0.176317866,7
3.445212,1240210,206,0,0,0,0,0,0,0,0,0,0,0,0,0,0,0,0,0,0,0,1,0,0,0,0,0,0,1,1,1,0,0,0,0,0,1,0,0,0,0,0,0,0,0,0,0,0,3.3913998776,0,0,1,2.9949189991,0,0,10.228550361,8.5071086764,8.3609990245,18.427721333,11.096510538,1,4.0617860135,3
4.369444,909732,1025,1,0,0,0,0,0,0,1,0,0,0,0,0,0,0,0,0,0,1,1,1,0,1,0,0,0,1,0,0,0,0,0,0,0,0,0,0,0,0,0,0,0,0,0,0,0,0,0,0,1,2.973266203,0,0,10.857390724,8.2620767107,8.4660243758,21.864805491,10.66951928,0,4.5130201366,5
3.984513,909716,1129,1,0,1,0,0,0,0,0,0,0,0,0,0,0,0,0,1,0,0,1,0,0,0,0,0,0,1,0,1,0,0,0,0,0,0,0,0,0,0,1,0,0,0,1,0.635086,0,0,0,0,0,3.0394636924,0,0,10.003834798,9.1063448433,9.204390565,21.518247244,10.79405744,0,3.1657283242,5
1.376837,909732,29,0,0,0,0,0,0,0,1,0,0,0,0,0,0,1,0,1,0,1,1,0,0,1,0,0,0,1,1,1,1,1,0,0,1,0,0,0,0,0,0,0,0,0,0,0,0,0,0,0,1,2.973266203,0,0,10.857390724,8.2620767107,8.4660243758,21.864805491,10.66951928,0,0.8847755665,3
-0.920307,909759,159,0,0,0,0,0,0,0,0,0,0,1,0,0,0,1,0,1,1,1,1,0,0,1,0,0,0,1,0,1,0,1,0,0,0,0,0,0,0,0,1,0,0,0,0,0,0,0,0,0,0,3.0146730322,0,0,9.237139029,8.4702744104,7.4905298784,18.879786744,11.507563933,0,-1.618694012,10
3.4691604805,1240166,1032,1,0,0,0,1,0,0,1,0,0,0,1,0,0,0,0,0,0,0,1,0,0,0,0,0,0,1,0,1,0,1,0,1,0,0,0,0,0,0,0,0,0,0,0,0,1,0,0,2.7966849473,0,3.0238717604,0,0,11.482168397,10.167713696,8.8557395336,20.400662619,11.724299341,0,3.4966821353,10
2.242792,907298,1025,1,0,0,0,0,0,0,1,0,0,0,0,0,0,0,0,0,0,1,1,1,0,1,0,0,0,1,0,0,0,0,0,0,0,0,0,0,0,0,0,0,0,0,0,0,0,0,0,0,0,2.976818149,0,0,11.151804899,8.4640050836,8.4112568406,19.341029083,9.6827849299,0,2.9019961268,4
3.608993,971773,229,0,0,0,0,0,0,0,1,0,0,0,0,0,0,0,0,0,0,1,1,1,0,1,0,0,0,1,0,0,0,0,0,0,0,0,0,0,0,0,1,0,0,0,0,0,0,0,0,0,0,2.9223297099,0,0,8.8816005533,8.4627762221,8.5256898879,18.752996197,9.9208505412,0,3.1086024962,1
-3.037505,925343,53,0,0,0,0,0,0,0,0,0,0,0,1,0,0,0,0,0,0,0,1,0,0,0,0,0,0,1,0,1,0,0,0,0,0,0,0,0,0,1,0,0,0,0,0,0,1,0,0,0,1,2.9962981835,0,0,10.189126272,8.8162974431,8.2373848904,18.579263139,13.013508287,0,-1.909629643,8
3.500716,907298,305,0,0,0,0,0,0,0,0,0,0,0,0,0,0,0,0,0,0,0,1,0,0,1,0,0,0,1,0,1,1,1,0,0,0,0,0,0,0,0,0,0,0,0,0,0,0,0,0,0,0,2.976818149,0,0,11.151804899,8.4640050836,8.4112568406,19.341029083,9.6827849299,0,3.9708572613,2
-0.10274,907298,252,0,0,0,0,0,0,0,0,0,0,0,0,0,0,0,0,0,0,0,0,0,0,0,0,0,0,1,0,1,0,1,0,0,0,0,0,0,0,0,1,0,0,0,0,0,0,0,0,0,0,2.976818149,0,0,11.151804899,8.4640050836,8.4112568406,19.341029083,9.6827849299,0,-1.015467568,4
2.528966,909720,52,0,0,0,0,0,0,0,0,0,0,0,0,0,0,1,1,0,0,0,1,1,0,1,0,0,0,1,0,1,0,1,0,0,0,0,0,0,0,0,0,0,0,0,0,0,0,0,0,0,0,3.0099116771,0,0,9.0894024505,8.2986888893,8.1706134297,17.631371436,12.114078001,0,1.6715932721,2
2.463916,1240166,159,0,0,0,0,0,0,0,0,0,0,1,0,0,0,1,0,1,1,1,1,0,0,1,0,0,0,1,0,1,0,1,0,0,0,0,0,0,0,0,1,0,0,0,0,0,1,0,0,2.7966849473,0,3.0238717604,0,0,11.482168397,10.167713696,8.8557395336,20.400662619,11.724299341,0,1.8454911976,3
-0.886431,908127,1242,1,0,0,0,0,0,0,0,0,1,1,0,0,0,0,0,0,0,1,1,0,1,0,0,0,0,1,0,0,0,1,0,0,0,0,0,0,1,1,0,0,0,0,1,1.27964,1,0,0,0,1,3.0421537126,0,0,10.037693787,8.9938650804,8.3185333971,19.139495065,12.828822864,0,-0.696907952,9
2.69448,971774,1029,1,0,0,0,0,0,0,1,0,0,0,0,0,0,0,0,1,0,1,1,0,0,1,0,0,0,1,0,1,1,1,0,0,0,0,0,0,0,0,0,0,0.807544,3.165283691,0,0.726215,1,3.4190544056,1,4.2084771202,1,3.0918643898,0,0,11.706620878,9.1123914875,8.9001265462,18.080785351,12.757518026,0,2.0942094094,4
2.064838,909716,330,0,0,0,0,0,0,0,1,0,0,0,0,0,0,1,0,0,1,1,1,0,0,1,0,0,0,1,0,0,0,1,0,0,1,1,1,0,0,0,0,0,0,0,1,0.635086,0,0,0,0,0,3.0394636924,0,0,10.003834798,9.1063448433,9.204390565,21.518247244,10.79405744,0,2.2028164711,4
3.388425,907298,291,0,1,0,0,0,0,0,1,0,0,0,1,1,0,0,0,0,0,0,1,0,0,1,0,0,0,1,1,0,0,0,0,0,0,0,0,0,0,0,1,0,0,0,0,0,0,0,0,0,0,2.976818149,0,0,11.151804899,8.4640050836,8.4112568406,19.341029083,9.6827849299,0,3.1314441298,5
2.514588,909732,301,0,0,0,0,0,0,0,0,0,0,0,0,0,0,0,0,0,0,0,1,0,0,0,0,0,0,0,0,0,0,0,0,0,1,1,1,0,0,0,1,0,0,0,0,0,0,0,0,0,1,2.973266203,0,0,10.857390724,8.2620767107,8.4660243758,21.864805491,10.66951928,0,2.5543572358,9
4.495998,1240210,221,0,0,0,0,0,0,0,0,0,0,0,0,0,0,1,0,0,0,0,1,0,0,1,0,0,0,1,0,1,0,1,0,0,0,0,0,0,0,0,0,0,0,0,0,0,0,3.3913998776,0,0,1,2.9949189991,0,0,10.228550361,8.5071086764,8.3609990245,18.427721333,11.096510538,1,4.4439355304,3
4.799455,924248,290,0,0,0,0,0,0,0,0,0,0,0,0,0,0,0,0,0,0,0,1,0,0,0,0,0,0,0,1,0,1,1,0,0,0,0,0,0,0,0,0,0,0,0,0,0.770379,0,0,0,4.9079778596,0,2.9762225287,0,0,10.286534739,8.7162113922,8.7121246012,21.756550177,14.591372756,0,4.2601959152,1
4.367472,909759,279,0,0,0,0,0,0,0,1,0,0,0,0,0,0,0,0,0,1,0,1,0,0,1,0,0,0,1,0,0,1,1,0,0,1,0,0,0,0,0,0,0,0,0,0,0,0,0,0,0,0,3.0146730322,0,0,9.237139029,8.4702744104,7.4905298784,18.879786744,11.507563933,0,3.816026089,6
2.817473,909716,1164,1,0,0,0,1,0,0,1,0,0,0,0,0,0,0,0,0,0,0,1,0,0,0,0,0,0,1,0,1,1,1,0,1,1,0,0,0,0,1,1,0,0,0,1,0.635086,0,0,0,0,0,3.0394636924,0,0,10.003834798,9.1063448433,9.204390565,21.518247244,10.79405744,0,4.212959662,2
2.177266,910784,275,0,0,0,0,0,0,0,1,0,0,0,0,0,0,0,1,0,0,0,1,0,1,1,0,0,0,1,0,1,0,0,0,0,1,1,0,0,0,0,1,0,0,0,0,0,0,3.1694195397,0,0,0,2.7731873637,0,0,9.4480264448,8.1521646816,8.3427107252,19.196949072,9.0332286474,0,2.22360539,6
-2.698862,971773,87,0,0,1,0,0,0,1,0,0,0,1,0,0,0,0,1,0,0,1,1,0,1,0,0,0,0,1,0,1,0,0,0,0,0,0,0,0,1,0,1,0,0,0,0,0,0,0,0,0,0,2.9223297099,0,0,8.8816005533,8.4627762221,8.5256898879,18.752996197,9.9208505412,0,-2.003067605,6
-3.573079,909756,87,0,0,1,0,0,0,1,0,0,0,1,0,0,0,0,1,0,0,1,1,0,1,0,0,0,0,1,0,1,0,0,0,0,0,0,0,0,1,0,1,0,0,0,0,0,0,0,0,0,0,2.8475138,0,0,9.933029521,9.3930114186,8.4369559448,20.367287435,12.196426895,0,-3.58486887,8
5.120656,909754,1030,1,0,0,0,0,0,0,0,1,0,0,0,0,1,0,0,0,0,0,1,0,1,1,0,0,0,1,0,0,1,1,0,1,1,0,0,0,1,0,0,1,0.874992,3.482301125,2,1.249564,4,12.400271453,2,14.35521576,4,3.2239404416,0,0,10.807558704,8.9081237696,9.3022917015,24.001803288,16.699368639,2,4.1535607944,8
0.909633,909759,226,0,0,0,0,0,0,0,0,0,0,0,0,0,0,1,0,1,0,1,1,0,0,1,0,0,0,1,0,1,0,0,0,0,1,1,0,0,0,0,0,0,0,0,0,0,0,0,0,0,0,3.0146730322,0,0,9.237139029,8.4702744104,7.4905298784,18.879786744,11.507563933,0,0.3224929726,1
1.987518,906999,1014,1,0,1,0,1,0,0,0,0,0,0,0,0,0,0,0,0,0,0,0,0,0,0,0,0,0,1,0,0,0,0,0,0,0,0,0,0,0,1,1,0,0.7194,3.6102271394,1,0.7194,1,7.3829576608,1,2.9446837949,1,3.0495934171,3.165542488,0,9.9476808172,9.3831420839,8.7083086013,23.755134442,11.830576137,2,1.3785896277,10
3.671251,906999,226,0,0,0,0,0,0,0,0,0,0,0,0,0,0,1,0,1,0,1,1,0,0,1,0,0,0,1,0,1,0,0,0,0,1,1,0,0,0,0,0,0,0.7194,3.6102271394,1,0.7194,1,7.3829576608,1,2.9446837949,1,3.0495934171,0,0,9.9476808172,9.3831420839,8.7083086013,23.755134442,11.830576137,2,3.722510038,4
2.967591,909732,6,0,0,0,0,0,0,0,1,0,0,0,0,0,1,0,0,0,0,1,1,0,0,0,0,0,0,1,0,0,1,1,0,0,1,0,0,0,0,0,1,0,0,0,0,0,0,0,0,0,1,2.973266203,0,0,10.857390724,8.2620767107,8.4660243758,21.864805491,10.66951928,0,2.5443216776,3
3.467261,909759,1129,1,0,1,0,0,0,0,0,0,0,0,0,0,0,0,0,1,0,0,1,0,0,0,0,0,0,1,0,1,0,0,0,0,0,0,0,0,0,0,1,0,0,0,0,0,0,0,0,0,0,3.0146730322,0,0,9.237139029,8.4702744104,7.4905298784,18.879786744,11.507563933,0,3.1864025397,9
0.522792,971773,302,0,0,0,0,0,0,0,0,0,0,0,0,0,0,0,0,0,0,0,1,0,0,0,0,0,0,1,0,1,1,1,0,1,1,0,0,0,0,1,0,0,0,0,0,0,0,0,0,0,0,2.9223297099,0,0,8.8816005533,8.4627762221,8.5256898879,18.752996197,9.9208505412,0,0.0652613811,1
0.815484,909720,1021,1,0,0,0,0,0,0,1,1,0,0,0,0,0,0,0,0,0,0,1,0,0,0,0,0,0,1,0,0,0,1,0,0,1,1,0,1,0,0,0,0,0,0,0,0,0,0,0,0,0,3.0099116771,0,0,9.0894024505,8.2986888893,8.1706134297,17.631371436,12.114078001,0,1.5828997651,8
2.210342,1240215,222,0,0,0,0,0,0,0,0,0,0,0,0,0,0,0,0,0,0,0,0,0,0,0,0,0,0,1,0,1,0,0,0,0,1,0,0,0,0,0,1,0,0,0,0,0,0,6.5996007032,1,0,0,3.0662629843,0,0,9.7897319206,9.5000439039,8.3461885734,18.613933282,12.102026295,0,1.9219445158,9
-1.447141,925343,1024,1,0,1,0,0,0,0,1,0,0,1,0,0,0,1,0,1,1,1,1,1,0,1,0,0,0,1,0,0,0,0,0,1,1,0,0,0,0,1,1,0,0,0,0,0,1,0,0,0,1,2.9962981835,0,0,10.189126272,8.8162974431,8.2373848904,18.579263139,13.013508287,0,-1.182566688,3
4.881703,924248,326,0,0,0,0,0,0,0,0,0,0,0,0,0,0,0,0,0,0,0,0,0,0,0,0,0,0,1,0,1,0,0,0,1,0,0,0,0,0,0,1,0,0,0,0,0.770379,0,0,0,4.9079778596,0,2.9762225287,0,0,10.286534739,8.7162113922,8.7121246012,21.756550177,14.591372756,0,4.2140009832,3
4.063814,908127,230,0,0,0,0,0,0,0,1,0,0,0,0,0,0,0,0,0,1,1,1,0,0,1,1,0,0,1,0,0,1,0,0,0,0,1,0,0,0,0,0,0,0,0,1,1.27964,1,0,0,0,1,3.0421537126,0,0,10.037693787,8.9938650804,8.3185333971,19.139495065,12.828822864,0,3.6497344586,9
2.179714,971773,159,0,0,0,0,0,0,0,0,0,0,1,0,0,0,1,0,1,1,1,1,0,0,1,0,0,0,1,0,1,0,1,0,0,0,0,0,0,0,0,1,0,0,0,0,0,0,0,0,0,0,2.9223297099,0,0,8.8816005533,8.4627762221,8.5256898879,18.752996197,9.9208505412,0,1.3202591879,4
2.159908,909716,1049,1,0,0,0,0,0,0,0,0,0,0,0,0,0,0,0,0,0,1,1,0,1,1,0,0,0,1,0,1,0,0,0,0,0,0,0,0,0,0,0,0,0,0,1,0.635086,0,0,0,0,0,3.0394636924,0,0,10.003834798,9.1063448433,9.204390565,21.518247244,10.79405744,0,2.2409626106,5
2.566682,909716,257,0,0,0,0,1,0,0,0,0,0,0,0,0,0,0,0,1,0,0,1,1,0,0,0,0,1,1,0,1,0,1,0,1,1,0,0,0,0,0,1,0,0,0,1,0.635086,0,0,0,0,0,3.0394636924,0,0,10.003834798,9.1063448433,9.204390565,21.518247244,10.79405744,0,2.2180931855,4
3.049506,909264,1373,1,0,0,0,0,0,0,0,0,0,0,0,0,0,0,0,0,0,0,1,0,0,1,0,0,0,1,0,1,0,0,0,0,0,0,0,0,0,0,0,0,0,0,0,0,0,0,0,0,1,2.8489562007,0,0,10.179938953,8.755480529,8.5485372513,19.138951582,10.853599749,0,2.5718470027,1
-0.234087,908127,1059,1,0,0,0,0,0,0,0,0,1,0,0,0,0,1,0,0,0,0,1,0,1,1,0,0,0,1,0,1,0,0,0,1,0,0,0,0,0,1,0,0,0,0,1,1.27964,1,0,0,0,1,3.0421537126,0,0,10.037693787,8.9938650804,8.3185333971,19.139495065,12.828822864,0,-0.044612231,6
3.683358,1299061,1194,1,0,0,0,0,0,1,0,0,0,0,0,0,0,0,0,0,0,0,1,0,1,1,0,0,0,1,0,1,0,0,0,0,0,0,0,0,0,0,1,0,0,0,0,0,0,5.924603939,0,0,0,3.181275322,0,0,11.527623475,8.7989567731,8.2649243614,19.027614517,10.63934132,0,4.0525876529,6
-0.559772,1299061,1059,1,0,0,0,0,0,0,0,0,1,0,0,0,0,1,0,0,0,0,1,0,1,1,0,0,0,1,0,1,0,0,0,1,0,0,0,0,0,1,0,0,0,0,0,0,0,5.924603939,0,0,0,3.181275322,0,0,11.527623475,8.7989567731,8.2649243614,19.027614517,10.63934132,0,-1.116253158,3
1.629178,924248,34,0,0,0,0,0,0,0,1,0,0,0,0,0,0,0,0,1,1,0,1,0,0,0,0,0,0,1,0,1,0,1,0,0,0,0,0,0,0,0,1,0,0,0,0,0.770379,0,0,0,4.9079778596,0,2.9762225287,0,0,10.286534739,8.7162113922,8.7121246012,21.756550177,14.591372756,0,2.5290801695,10
5.654361,925343,229,0,0,0,0,0,0,0,1,0,0,0,0,0,0,0,0,0,0,1,1,1,0,1,0,0,0,1,0,0,0,0,0,0,0,0,0,0,0,0,1,0,0,0,0,0,1,0,0,0,1,2.9962981835,0,0,10.189126272,8.8162974431,8.2373848904,18.579263139,13.013508287,0,4.6061953064,4
4.375551,909754,1053,1,0,0,0,0,0,0,0,0,0,0,0,0,0,0,0,0,1,1,1,0,0,1,0,0,0,1,0,1,0,0,0,0,1,1,0,0,0,0,0,0,0.874992,3.482301125,2,1.249564,4,12.400271453,2,14.35521576,4,3.2239404416,0,0,10.807558704,8.9081237696,9.3022917015,24.001803288,16.699368639,2,4.4701456053,1
5.722945,910784,345,0,0,0,0,0,0,0,1,0,0,1,0,0,0,0,0,1,0,1,1,0,0,0,0,1,0,1,0,1,0,1,0,0,0,0,0,0,0,0,0,0,0,0,0,0,0,3.1694195397,0,0,0,2.7731873637,0,0,9.4480264448,8.1521646816,8.3427107252,19.196949072,9.0332286474,0,4.3168619739,5
3.282561,909754,1010,1,0,0,0,0,0,1,1,0,0,0,1,0,0,0,1,0,0,0,1,0,0,0,0,0,0,1,0,1,0,0,0,1,0,0,0,0,0,0,0,0,0.874992,3.482301125,2,1.249564,4,12.400271453,2,14.35521576,4,3.2239404416,0,0,10.807558704,8.9081237696,9.3022917015,24.001803288,16.699368639,2,3.6046585682,3
0.926428,909264,219,0,0,0,0,0,0,0,0,0,0,0,0,0,0,0,0,0,0,0,1,0,0,0,0,0,0,1,0,0,1,0,1,0,1,1,0,0,0,0,1,0,0,0,0,0,0,0,0,0,1,2.8489562007,0,0,10.179938953,8.755480529,8.5485372513,19.138951582,10.853599749,0,1.4533498983,9
3.154672,971773,55,0,0,0,0,1,0,0,1,0,0,0,0,0,0,0,0,1,0,0,1,1,1,1,0,0,0,1,0,1,0,1,0,1,1,1,0,0,0,0,1,0,0,0,0,0,0,0,0,0,0,2.9223297099,0,0,8.8816005533,8.4627762221,8.5256898879,18.752996197,9.9208505412,0,2.1340274891,9
4.835823,909759,235,0,0,0,0,0,0,0,1,0,0,0,0,0,0,1,0,1,0,1,1,1,0,1,0,0,0,1,0,0,0,1,0,0,1,1,0,0,0,0,0,0,0,0,0,0,0,0,0,0,0,3.0146730322,0,0,9.237139029,8.4702744104,7.4905298784,18.879786744,11.507563933,0,1.8597930698,8
3.109677,909759,1030,1,0,0,0,0,0,0,0,1,0,0,0,0,1,0,0,0,0,0,1,0,1,1,0,0,0,1,0,0,1,1,0,1,1,0,0,0,1,0,0,1,0,0,0,0,0,0,0,0,0,3.0146730322,0,0,9.237139029,8.4702744104,7.4905298784,18.879786744,11.507563933,0,3.4788071636,5
6.96738,909754,275,0,0,0,0,0,0,0,1,0,0,0,0,0,0,0,1,0,0,0,1,0,1,1,0,0,0,1,0,1,0,0,0,0,1,1,0,0,0,0,1,0,0.874992,3.482301125,2,1.249564,4,12.400271453,2,14.35521576,4,3.2239404416,0,0,10.807558704,8.9081237696,9.3022917015,24.001803288,16.699368639,2,7.3614201247,9
0.950475,1240210,1038,1,0,0,0,0,0,0,0,1,1,0,0,0,0,1,0,0,0,1,1,0,1,1,0,0,0,1,0,0,1,1,0,1,1,0,0,0,1,0,0,1,0,0,0,0,0,3.3913998776,0,0,1,2.9949189991,0,0,10.228550361,8.5071086764,8.3609990245,18.427721333,11.096510538,1,1.1665592069,4
3.353579,971773,1030,1,0,0,0,0,0,0,0,1,0,0,0,0,1,0,0,0,0,0,1,0,1,1,0,0,0,1,0,0,1,1,0,1,1,0,0,0,1,0,0,1,0,0,0,0,0,0,0,0,0,2.9223297099,0,0,8.8816005533,8.4627762221,8.5256898879,18.752996197,9.9208505412,0,3.4523351355,1
5.687357,910784,231,0,0,0,0,0,0,0,0,0,0,0,0,0,0,0,0,0,1,1,1,0,0,1,0,0,0,1,0,1,0,0,0,1,0,0,0,0,0,0,0,0,0,0,0,0,0,3.1694195397,0,0,0,2.7731873637,0,0,9.4480264448,8.1521646816,8.3427107252,19.196949072,9.0332286474,0,4.5174453658,5
2.491647,971774,1021,1,0,0,0,0,0,0,1,1,0,0,0,0,0,0,0,0,0,0,1,0,0,0,0,0,0,1,0,0,0,1,0,0,1,1,0,1,0,0,0,0,0.807544,3.165283691,0,0.726215,1,3.4190544056,1,4.2084771202,1,3.0918643898,0,0,11.706620878,9.1123914875,8.9001265462,18.080785351,12.757518026,0,2.1511070671,5
4.201528,909756,221,0,0,0,0,0,0,0,0,0,0,0,0,0,0,1,0,0,0,0,1,0,0,1,0,0,0,1,0,1,0,1,0,0,0,0,0,0,0,0,0,0,0,0,0,0,0,0,0,0,0,2.8475138,0,0,9.933029521,9.3930114186,8.4369559448,20.367287435,12.196426895,0,4.440945675,2
0.031013,925343,177,0,0,0,0,0,0,0,0,0,0,1,0,0,0,1,0,0,1,1,1,0,1,1,0,0,0,1,0,1,0,1,0,0,0,0,0,0,0,1,0,0,0,0,0,0,1,0,0,0,1,2.9962981835,0,0,10.189126272,8.8162974431,8.2373848904,18.579263139,13.013508287,0,0.328474185,6
5.244882,925343,176,0,0,0,0,0,1,0,0,1,0,1,0,0,1,0,0,0,0,1,1,0,1,0,0,0,0,1,0,0,0,0,0,0,0,0,0,0,0,1,0,0,0,0,0,0,1,0,0,0,1,2.9962981835,0,0,10.189126272,8.8162974431,8.2373848904,18.579263139,13.013508287,0,5.1472512173,5
3.59429,924248,295,0,0,0,0,0,0,0,1,0,0,0,0,0,0,0,0,0,1,0,1,0,0,0,0,0,0,1,0,1,0,1,0,0,0,1,0,0,0,0,0,0,0,0,0,0.770379,0,0,0,4.9079778596,0,2.9762225287,0,0,10.286534739,8.7162113922,8.7121246012,21.756550177,14.591372756,0,3.1310518389,10
1.869999,971774,1053,1,0,0,0,0,0,0,0,0,0,0,0,0,0,0,0,0,1,1,1,0,0,1,0,0,0,1,0,1,0,0,0,0,1,1,0,0,0,0,0,0,0.807544,3.165283691,0,0.726215,1,3.4190544056,1,4.2084771202,1,3.0918643898,0,0,11.706620878,9.1123914875,8.9001265462,18.080785351,12.757518026,0,1.3996680804,4
4.499495,971774,206,0,0,0,0,0,0,0,0,0,0,0,0,0,0,0,0,0,0,0,1,0,0,0,0,0,0,1,1,1,0,0,0,0,0,1,0,0,0,0,0,0,0.807544,3.165283691,0,0.726215,1,3.4190544056,1,4.2084771202,1,3.0918643898,0,0,11.706620878,9.1123914875,8.9001265462,18.080785351,12.757518026,0,4.303742837,1
3.964234,909264,178,0,0,0,0,0,0,1,0,0,0,0,0,0,0,0,0,0,0,0,1,0,1,0,0,0,0,1,0,1,1,1,0,0,0,0,0,0,0,0,1,0,0,0,0,0,0,0,0,0,1,2.8489562007,0,0,10.179938953,8.755480529,8.5485372513,19.138951582,10.853599749,0,2.1555738836,3
3.674635,1240210,1129,1,0,1,0,0,0,0,0,0,0,0,0,0,0,0,0,1,0,0,1,0,0,0,0,0,0,1,0,1,0,0,0,0,0,0,0,0,0,0,1,0,0,0,0,0,0,3.3913998776,0,0,1,2.9949189991,0,0,10.228550361,8.5071086764,8.3609990245,18.427721333,11.096510538,1,3.1879326029,10
4.251793,909716,206,0,0,0,0,0,0,0,0,0,0,0,0,0,0,0,0,0,0,0,1,0,0,0,0,0,0,1,1,1,0,0,0,0,0,1,0,0,0,0,0,0,0,0,1,0.635086,0,0,0,0,0,3.0394636924,0,0,10.003834798,9.1063448433,9.204390565,21.518247244,10.79405744,0,3.9345539259,2
1.401125,907298,292,0,0,0,0,0,0,0,1,0,0,0,0,0,0,0,0,1,1,0,1,0,0,0,0,0,0,1,0,1,0,1,0,0,0,0,0,0,0,0,1,0,0,0,0,0,0,0,0,0,0,2.976818149,0,0,11.151804899,8.4640050836,8.4112568406,19.341029083,9.6827849299,0,1.9459278217,9
-1.062023,909756,153,0,0,1,0,0,0,0,1,0,0,1,0,0,0,1,0,1,1,1,1,1,0,1,0,0,0,1,0,0,0,1,0,1,1,0,0,0,0,0,1,0,0,0,0,0,0,0,0,0,0,2.8475138,0,0,9.933029521,9.3930114186,8.4369559448,20.367287435,12.196426895,0,-1.701701255,4
4.870791,908127,192,0,0,0,0,0,0,0,0,0,0,0,0,0,0,0,0,0,0,0,0,0,0,0,0,0,0,1,0,0,0,0,0,0,0,0,0,0,0,0,0,0,0,0,1,1.27964,1,0,0,0,1,3.0421537126,0,0,10.037693787,8.9938650804,8.3185333971,19.139495065,12.828822864,0,4.4949610853,8
3.078081,909732,306,0,0,0,0,0,0,0,0,0,0,0,0,0,0,0,1,0,0,0,0,0,0,0,0,0,0,1,0,1,0,0,0,1,0,0,0,1,0,0,0,0,0,0,0,0,0,0,0,0,1,2.973266203,0,0,10.857390724,8.2620767107,8.4660243758,21.864805491,10.66951928,0,2.4012100777,2
1.862836,1299061,1023,1,0,0,0,0,0,0,1,0,0,0,0,0,0,0,0,0,0,1,1,0,0,1,0,0,0,1,0,0,0,1,0,0,0,0,0,0,0,0,1,0,0,0,0,0,0,5.924603939,0,0,0,3.181275322,0,0,11.527623475,8.7989567731,8.2649243614,19.027614517,10.63934132,0,1.5279651744,2
4.563359,925343,1042,1,0,0,0,0,0,0,1,0,1,1,0,0,0,0,1,1,0,1,1,0,1,0,0,0,0,1,0,1,0,0,0,1,0,1,1,0,0,0,0,0,0,0,0,0,1,0,0,0,1,2.9962981835,0,0,10.189126272,8.8162974431,8.2373848904,18.579263139,13.013508287,0,3.4205130809,1
3.419564,1240166,199,0,0,0,0,0,0,0,1,1,0,0,0,0,0,0,0,1,0,0,1,0,0,0,0,0,0,1,0,1,0,0,0,0,0,1,0,1,0,0,0,0,0,0,0,0,1,0,0,2.7966849473,0,3.0238717604,0,0,11.482168397,10.167713696,8.8557395336,20.400662619,11.724299341,0,2.7834734234,8
1.539301,1240215,178,0,0,0,0,0,0,1,0,0,0,0,0,0,0,0,0,0,0,0,1,0,1,0,0,0,0,1,0,1,1,1,0,0,0,0,0,0,0,0,1,0,0,0,0,0,0,6.5996007032,1,0,0,3.0662629843,0,0,9.7897319206,9.5000439039,8.3461885734,18.613933282,12.102026295,0,1.5246407626,4
-1.366621,1299061,1024,1,0,1,0,0,0,0,1,0,0,1,0,0,0,1,0,1,1,1,1,1,0,1,0,0,0,1,0,0,0,0,0,1,1,0,0,0,0,1,1,0,0,0,0,0,0,5.924603939,0,0,0,3.181275322,0,0,11.527623475,8.7989567731,8.2649243614,19.027614517,10.63934132,0,-1.185682089,5
1.113873,908127,1053,1,0,0,0,0,0,0,0,0,0,0,0,0,0,0,0,0,1,1,1,0,0,1,0,0,0,1,0,1,0,0,0,0,1,1,0,0,0,0,0,0,0,0,1,1.27964,1,0,0,0,1,3.0421537126,0,0,10.037693787,8.9938650804,8.3185333971,19.139495065,12.828822864,0,1.2963075561,4
4.429477,909716,305,0,0,0,0,0,0,0,0,0,0,0,0,0,0,0,0,0,0,0,1,0,0,1,0,0,0,1,0,1,1,1,0,0,0,0,0,0,0,0,0,0,0,0,1,0.635086,0,0,0,0,0,3.0394636924,0,0,10.003834798,9.1063448433,9.204390565,21.518247244,10.79405744,0,3.3545499846,8
2.239408,907298,262,0,1,0,0,0,0,0,0,0,0,0,0,1,0,0,0,0,0,0,1,1,1,1,0,0,0,1,0,1,0,1,0,1,1,0,0,0,0,1,1,0,0,0,0,0,0,0,0,0,0,2.976818149,0,0,11.151804899,8.4640050836,8.4112568406,19.341029083,9.6827849299,0,2.8786903689,9
2.405642,909720,203,0,0,1,0,0,0,0,0,0,0,0,0,0,0,0,0,1,0,0,1,0,0,0,0,0,0,1,0,1,0,0,0,0,0,0,0,0,0,0,1,0,0,0,0,0,0,0,0,0,0,3.0099116771,0,0,9.0894024505,8.2986888893,8.1706134297,17.631371436,12.114078001,0,2.8868361932,9
2.41675,925343,199,0,0,0,0,0,0,0,1,1,0,0,0,0,0,0,0,1,0,0,1,0,0,0,0,0,0,1,0,1,0,0,0,0,0,1,0,1,0,0,0,0,0,0,0,0,1,0,0,0,1,2.9962981835,0,0,10.189126272,8.8162974431,8.2373848904,18.579263139,13.013508287,0,2.5333524021,8
1.730408,1240210,1194,1,0,0,0,0,0,1,0,0,0,0,0,0,0,0,0,0,0,0,1,0,1,1,0,0,0,1,0,1,0,0,0,0,0,0,0,0,0,0,1,0,0,0,0,0,0,3.3913998776,0,0,1,2.9949189991,0,0,10.228550361,8.5071086764,8.3609990245,18.427721333,11.096510538,1,3.1346015048,9
4.794168,1240210,345,0,0,0,0,0,0,0,1,0,0,1,0,0,0,0,0,1,0,1,1,0,0,0,0,1,0,1,0,1,0,1,0,0,0,0,0,0,0,0,0,0,0,0,0,0,0,3.3913998776,0,0,1,2.9949189991,0,0,10.228550361,8.5071086764,8.3609990245,18.427721333,11.096510538,1,4.3141829127,3
4.069834,1240166,1043,1,0,0,0,0,0,0,0,0,1,0,0,0,0,0,0,0,0,0,1,0,1,0,0,0,1,1,1,1,0,0,0,0,0,0,0,0,0,0,0,0,0,0,0,0,1,0,0,2.7966849473,0,3.0238717604,0,0,11.482168397,10.167713696,8.8557395336,20.400662619,11.724299341,0,5.4437850995,3
2.872793,1240166,1050,1,0,0,0,0,0,1,1,0,0,0,0,0,0,0,1,0,0,0,1,0,0,0,0,0,0,1,0,1,0,1,0,1,0,0,0,0,0,0,0,0,0,0,0,0,1,0,0,2.7966849473,0,3.0238717604,0,0,11.482168397,10.167713696,8.8557395336,20.400662619,11.724299341,0,2.9066419488,6
0.704522,909264,256,0,0,0,0,0,0,0,1,0,0,0,0,0,0,1,0,1,0,1,1,1,1,1,0,0,0,1,0,0,0,1,0,0,0,0,0,0,0,0,1,0,0,0,0,0,0,0,0,0,1,2.8489562007,0,0,10.179938953,8.755480529,8.5485372513,19.138951582,10.853599749,0,1.5398959717,9
1.920177,909759,329,0,0,0,0,0,0,0,1,0,0,0,0,0,0,0,0,0,1,0,1,0,0,0,0,0,0,1,0,0,1,1,0,1,0,0,0,0,0,0,0,0,0,0,0,0,0,0,0,0,0,3.0146730322,0,0,9.237139029,8.4702744104,7.4905298784,18.879786744,11.507563933,0,2.9090636332,8
4.312041,1240215,206,0,0,0,0,0,0,0,0,0,0,0,0,0,0,0,0,0,0,0,1,0,0,0,0,0,0,1,1,1,0,0,0,0,0,1,0,0,0,0,0,0,0,0,0,0,0,6.5996007032,1,0,0,3.0662629843,0,0,9.7897319206,9.5000439039,8.3461885734,18.613933282,12.102026295,0,3.6797571801,2
3.509154,909756,206,0,0,0,0,0,0,0,0,0,0,0,0,0,0,0,0,0,0,0,1,0,0,0,0,0,0,1,1,1,0,0,0,0,0,1,0,0,0,0,0,0,0,0,0,0,0,0,0,0,0,2.8475138,0,0,9.933029521,9.3930114186,8.4369559448,20.367287435,12.196426895,0,4.0537463012,9
4.669536,909716,255,0,0,0,0,0,0,0,1,0,1,0,0,0,0,1,1,1,0,0,1,0,1,1,0,0,0,1,0,1,0,0,0,1,1,0,0,0,0,0,0,0,0,0,1,0.635086,0,0,0,0,0,3.0394636924,0,0,10.003834798,9.1063448433,9.204390565,21.518247244,10.79405744,0,4.718260289,10
-0.166778,906999,155,0,0,0,0,0,0,0,0,0,0,1,0,0,0,1,0,1,1,1,1,0,0,1,0,0,0,1,0,1,0,1,0,0,0,1,0,0,0,0,1,0,0.7194,3.6102271394,1,0.7194,1,7.3829576608,1,2.9446837949,1,3.0495934171,0,0,9.9476808172,9.3831420839,8.7083086013,23.755134442,11.830576137,2,0.2686737897,10
2.191154,909759,1046,1,0,0,0,0,0,0,1,0,0,1,0,0,0,1,1,1,1,1,1,1,1,1,0,1,0,1,0,0,0,0,0,0,0,0,0,0,0,1,0,0,0,0,0,0,0,0,0,0,0,3.0146730322,0,0,9.237139029,8.4702744104,7.4905298784,18.879786744,11.507563933,0,1.9804735605,6
1.384069,908127,273,0,0,0,0,0,0,1,1,0,0,0,0,0,0,0,1,0,0,0,1,0,1,0,0,0,0,1,0,1,0,0,0,0,0,0,0,0,0,0,0,0,0,0,1,1.27964,1,0,0,0,1,3.0421537126,0,0,10.037693787,8.9938650804,8.3185333971,19.139495065,12.828822864,0,1.3273177933,4
-1.757359,909759,86,0,0,0,0,0,0,0,1,0,0,0,0,0,0,1,0,1,0,1,1,0,1,1,0,0,0,1,0,0,0,0,0,1,0,1,0,0,0,0,0,0,0,0,0,0,0,0,0,0,0,3.0146730322,0,0,9.237139029,8.4702744104,7.4905298784,18.879786744,11.507563933,0,-2.065937109,1
3.009949,1240166,330,0,0,0,0,0,0,0,1,0,0,0,0,0,0,1,0,0,1,1,1,0,0,1,0,0,0,1,0,0,0,1,0,0,1,1,1,0,0,0,0,0,0,0,0,0,1,0,0,2.7966849473,0,3.0238717604,0,0,11.482168397,10.167713696,8.8557395336,20.400662619,11.724299341,0,3.0586142328,7
-1.580326,1240215,1060,1,0,0,0,0,0,0,1,0,0,0,0,0,0,0,0,0,0,0,1,0,0,0,0,0,0,1,0,0,1,1,0,0,0,0,0,0,0,1,0,0,0,0,0,0,0,6.5996007032,1,0,0,3.0662629843,0,0,9.7897319206,9.5000439039,8.3461885734,18.613933282,12.102026295,0,-0.884181636,8
5.164943,925343,255,0,0,0,0,0,0,0,1,0,1,0,0,0,0,1,1,1,0,0,1,0,1,1,0,0,0,1,0,1,0,0,0,1,1,0,0,0,0,0,0,0,0,0,0,0,1,0,0,0,1,2.9962981835,0,0,10.189126272,8.8162974431,8.2373848904,18.579263139,13.013508287,0,4.8383812194,7
1.584438,908127,1023,1,0,0,0,0,0,0,1,0,0,0,0,0,0,0,0,0,0,1,1,0,0,1,0,0,0,1,0,0,0,1,0,0,0,0,0,0,0,0,1,0,0,0,1,1.27964,1,0,0,0,1,3.0421537126,0,0,10.037693787,8.9938650804,8.3185333971,19.139495065,12.828822864,0,2.2621508913,3
3.982684,909720,91,0,0,1,0,0,0,1,0,1,0,0,0,0,0,0,1,0,0,0,1,0,1,0,0,0,0,1,1,1,0,0,0,0,0,0,0,0,0,0,1,0,0,0,0,0,0,0,0,0,0,3.0099116771,0,0,9.0894024505,8.2986888893,8.1706134297,17.631371436,12.114078001,0,3.9366448868,4
6.302009,909754,257,0,0,0,0,1,0,0,0,0,0,0,0,0,0,0,0,1,0,0,1,1,0,0,0,0,1,1,0,1,0,1,0,1,1,0,0,0,0,0,1,0,0.874992,3.482301125,2,1.249564,4,12.400271453,2,14.35521576,4,3.2239404416,0,0,10.807558704,8.9081237696,9.3022917015,24.001803288,16.699368639,2,4.4079922485,3
5.50494,909754,206,0,0,0,0,0,0,0,0,0,0,0,0,0,0,0,0,0,0,0,1,0,0,0,0,0,0,1,1,1,0,0,0,0,0,1,0,0,0,0,0,0,0.874992,3.482301125,2,1.249564,4,12.400271453,2,14.35521576,4,3.2239404416,0,0,10.807558704,8.9081237696,9.3022917015,24.001803288,16.699368639,2,6.6155117884,10
5.317032,909754,1203,1,0,0,0,0,0,0,1,0,0,0,0,0,0,1,0,1,0,1,1,1,0,1,0,0,0,1,0,0,0,1,0,0,0,0,0,0,0,0,0,0,0.874992,3.482301125,2,1.249564,4,12.400271453,2,14.35521576,4,3.2239404416,0,0,10.807558704,8.9081237696,9.3022917015,24.001803288,16.699368639,2,4.1089342818,4
-2.225724,909716,184,0,0,0,0,0,0,0,0,0,0,0,0,0,0,0,0,0,0,0,0,0,0,0,0,0,0,1,0,1,0,0,0,0,0,1,1,0,0,0,1,0,0,0,1,0.635086,0,0,0,0,0,3.0394636924,0,0,10.003834798,9.1063448433,9.204390565,21.518247244,10.79405744,0,-0.619332722,2
3.147121,908127,152,0,0,0,0,0,0,1,1,0,0,0,0,0,0,0,1,0,0,0,1,0,0,0,0,0,0,1,0,1,0,0,0,0,0,1,1,0,0,0,1,0,0,0,1,1.27964,1,0,0,0,1,3.0421537126,0,0,10.037693787,8.9938650804,8.3185333971,19.139495065,12.828822864,0,1.9975828937,4
1.42843,909716,202,0,0,0,0,1,0,0,1,0,1,0,0,0,0,1,0,0,0,0,1,1,1,1,0,0,0,1,0,1,0,1,0,1,0,0,0,0,1,0,1,0,0,0,1,0.635086,0,0,0,0,0,3.0394636924,0,0,10.003834798,9.1063448433,9.204390565,21.518247244,10.79405744,0,1.3103861767,8
4.44157,909264,304,0,0,1,0,0,0,0,0,0,0,0,0,0,0,0,0,1,0,0,1,0,0,1,0,0,0,1,0,1,0,0,0,0,0,0,0,0,0,0,1,0,0,0,0,0,0,0,0,0,1,2.8489562007,0,0,10.179938953,8.755480529,8.5485372513,19.138951582,10.853599749,0,4.3331556761,7
4.133085,909264,177,0,0,0,0,0,0,0,0,0,0,1,0,0,0,1,0,0,1,1,1,0,1,1,0,0,0,1,0,1,0,1,0,0,0,0,0,0,0,1,0,0,0,0,0,0,0,0,0,0,1,2.8489562007,0,0,10.179938953,8.755480529,8.5485372513,19.138951582,10.853599749,0,2.7433872652,4
3.989554,909716,1203,1,0,0,0,0,0,0,1,0,0,0,0,0,0,1,0,1,0,1,1,1,0,1,0,0,0,1,0,0,0,1,0,0,0,0,0,0,0,0,0,0,0,0,1,0.635086,0,0,0,0,0,3.0394636924,0,0,10.003834798,9.1063448433,9.204390565,21.518247244,10.79405744,0,3.3974947677,2
2.602667,1240215,287,0,0,1,0,0,0,0,0,0,0,0,0,0,0,0,1,0,0,0,1,0,1,0,0,0,0,1,0,1,1,1,0,1,1,0,0,0,0,0,1,1,0,0,0,0,0,6.5996007032,1,0,0,3.0662629843,0,0,9.7897319206,9.5000439039,8.3461885734,18.613933282,12.102026295,0,2.9904781795,4
1.680828,909720,1010,1,0,0,0,0,0,1,1,0,0,0,1,0,0,0,1,0,0,0,1,0,0,0,0,0,0,1,0,1,0,0,0,1,0,0,0,0,0,0,0,0,0,0,0,0,0,0,0,0,0,3.0099116771,0,0,9.0894024505,8.2986888893,8.1706134297,17.631371436,12.114078001,0,1.4158056529,2
0.24935,909732,312,0,1,0,0,0,0,1,1,0,0,0,0,0,0,0,1,0,0,0,1,0,1,0,0,0,0,1,0,1,1,0,0,0,0,0,0,0,0,0,0,0,0,0,0,0,0,0,0,0,1,2.973266203,0,0,10.857390724,8.2620767107,8.4660243758,21.864805491,10.66951928,0,0.5330193743,4
4.058416,1299061,167,0,0,0,0,0,0,0,0,0,0,1,0,0,0,1,0,0,1,1,1,0,0,1,0,0,0,1,0,0,0,0,0,0,0,1,0,0,0,0,1,0,0,0,0,0,0,5.924603939,0,0,0,3.181275322,0,0,11.527623475,8.7989567731,8.2649243614,19.027614517,10.63934132,0,2.1705282609,2
3.151578,971774,1028,1,0,0,0,0,0,0,0,0,0,0,0,0,0,0,0,0,0,0,1,0,0,1,0,0,0,1,0,1,1,1,0,0,0,0,0,0,0,0,0,0,0.807544,3.165283691,0,0.726215,1,3.4190544056,1,4.2084771202,1,3.0918643898,0,0,11.706620878,9.1123914875,8.9001265462,18.080785351,12.757518026,0,3.3298456447,7
0.020462,909732,51,0,1,0,0,0,0,0,1,0,0,0,0,1,0,0,0,0,0,0,1,0,0,0,0,0,0,1,0,1,1,1,0,1,0,0,0,0,0,0,1,0,0,0,0,0,0,0,0,0,1,2.973266203,0,0,10.857390724,8.2620767107,8.4660243758,21.864805491,10.66951928,0,-0.059958664,3
4.194917,909716,1052,1,0,0,0,0,0,0,1,0,0,0,0,0,0,1,0,1,0,0,1,0,0,1,0,0,0,1,0,0,0,1,0,0,0,0,0,0,0,0,0,0,0,0,1,0.635086,0,0,0,0,0,3.0394636924,0,0,10.003834798,9.1063448433,9.204390565,21.518247244,10.79405744,0,3.6975953656,1
2.694391,1240210,152,0,0,0,0,0,0,1,1,0,0,0,0,0,0,0,1,0,0,0,1,0,0,0,0,0,0,1,0,1,0,0,0,0,0,1,1,0,0,0,1,0,0,0,0,0,0,3.3913998776,0,0,1,2.9949189991,0,0,10.228550361,8.5071086764,8.3609990245,18.427721333,11.096510538,1,2.2443086222,7
2.455298,909759,305,0,0,0,0,0,0,0,0,0,0,0,0,0,0,0,0,0,0,0,1,0,0,1,0,0,0,1,0,1,1,1,0,0,0,0,0,0,0,0,0,0,0,0,0,0,0,0,0,0,0,3.0146730322,0,0,9.237139029,8.4702744104,7.4905298784,18.879786744,11.507563933,0,3.2750135132,6
1.066536,971774,1059,1,0,0,0,0,0,0,0,0,1,0,0,0,0,1,0,0,0,0,1,0,1,1,0,0,0,1,0,1,0,0,0,1,0,0,0,0,0,1,0,0,0.807544,3.165283691,0,0.726215,1,3.4190544056,1,4.2084771202,1,3.0918643898,0,0,11.706620878,9.1123914875,8.9001265462,18.080785351,12.757518026,0,0.1647162759,3
2.241772,909732,55,0,0,0,0,1,0,0,1,0,0,0,0,0,0,0,0,1,0,0,1,1,1,1,0,0,0,1,0,1,0,1,0,1,1,1,0,0,0,0,1,0,0,0,0,0,0,0,0,0,1,2.973266203,0,0,10.857390724,8.2620767107,8.4660243758,21.864805491,10.66951928,0,1.5670939361,5
2.684515,1240210,291,0,1,0,0,0,0,0,1,0,0,0,1,1,0,0,0,0,0,0,1,0,0,1,0,0,0,1,1,0,0,0,0,0,0,0,0,0,0,0,1,0,0,0,0,0,0,3.3913998776,0,0,1,2.9949189991,0,0,10.228550361,8.5071086764,8.3609990245,18.427721333,11.096510538,1,2.3747020619,3
2.89855,909759,287,0,0,1,0,0,0,0,0,0,0,0,0,0,0,0,1,0,0,0,1,0,1,0,0,0,0,1,0,1,1,1,0,1,1,0,0,0,0,0,1,1,0,0,0,0,0,0,0,0,0,3.0146730322,0,0,9.237139029,8.4702744104,7.4905298784,18.879786744,11.507563933,0,2.9349529948,1
4.633557,1240210,193,0,0,0,0,0,0,1,0,0,0,0,0,0,0,0,0,0,0,0,1,0,1,1,0,0,0,1,0,1,0,0,0,0,0,0,0,0,0,0,0,0,0,0,0,0,0,3.3913998776,0,0,1,2.9949189991,0,0,10.228550361,8.5071086764,8.3609990245,18.427721333,11.096510538,1,4.4844492002,6
3.009429,909720,34,0,0,0,0,0,0,0,1,0,0,0,0,0,0,0,0,1,1,0,1,0,0,0,0,0,0,1,0,1,0,1,0,0,0,0,0,0,0,0,1,0,0,0,0,0,0,0,0,0,0,3.0099116771,0,0,9.0894024505,8.2986888893,8.1706134297,17.631371436,12.114078001,0,3.1893459341,2
3.801974,910784,262,0,1,0,0,0,0,0,0,0,0,0,0,1,0,0,0,0,0,0,1,1,1,1,0,0,0,1,0,1,0,1,0,1,1,0,0,0,0,1,1,0,0,0,0,0,0,3.1694195397,0,0,0,2.7731873637,0,0,9.4480264448,8.1521646816,8.3427107252,19.196949072,9.0332286474,0,2.9924887212,3
2.239567,906999,277,0,0,0,0,0,0,0,1,0,0,1,0,0,0,0,0,1,0,1,1,0,0,1,0,0,0,1,0,1,0,0,0,0,0,1,1,0,0,0,0,0,0.7194,3.6102271394,1,0.7194,1,7.3829576608,1,2.9446837949,1,3.0495934171,0,0,9.9476808172,9.3831420839,8.7083086013,23.755134442,11.830576137,2,2.5157775979,1
0.649668,907298,1053,1,0,0,0,0,0,0,0,0,0,0,0,0,0,0,0,0,1,1,1,0,0,1,0,0,0,1,0,1,0,0,0,0,1,1,0,0,0,0,0,0,0,0,0,0,0,0,0,0,0,2.976818149,0,0,11.151804899,8.4640050836,8.4112568406,19.341029083,9.6827849299,0,0.9253007192,3
0.110184,1240210,252,0,0,0,0,0,0,0,0,0,0,0,0,0,0,0,0,0,0,0,0,0,0,0,0,0,0,1,0,1,0,1,0,0,0,0,0,0,0,0,1,0,0,0,0,0,0,3.3913998776,0,0,1,2.9949189991,0,0,10.228550361,8.5071086764,8.3609990245,18.427721333,11.096510538,1,-0.169853189,7
4.983098,908127,287,0,0,1,0,0,0,0,0,0,0,0,0,0,0,0,1,0,0,0,1,0,1,0,0,0,0,1,0,1,1,1,0,1,1,0,0,0,0,0,1,1,0,0,1,1.27964,1,0,0,0,1,3.0421537126,0,0,10.037693787,8.9938650804,8.3185333971,19.139495065,12.828822864,0,4.2129906706,8
1.76017,909759,1219,1,0,0,0,0,1,0,1,0,0,0,0,0,0,0,0,0,0,0,1,0,0,0,0,0,0,1,0,1,0,0,0,0,1,0,0,0,0,0,0,0,0,0,0,0,0,0,0,0,0,3.0146730322,0,0,9.237139029,8.4702744104,7.4905298784,18.879786744,11.507563933,0,2.0150919091,3
1.608936,909756,1164,1,0,0,0,1,0,0,1,0,0,0,0,0,0,0,0,0,0,0,1,0,0,0,0,0,0,1,0,1,1,1,0,1,1,0,0,0,0,1,1,0,0,0,0,0,0,0,0,0,0,2.8475138,0,0,9.933029521,9.3930114186,8.4369559448,20.367287435,12.196426895,0,1.4266609549,1
-0.709941,909756,157,0,0,0,0,0,0,0,0,0,0,0,0,0,0,0,0,0,0,0,1,0,0,0,0,0,0,1,0,1,0,0,0,1,0,0,0,0,0,0,0,0,0,0,0,0,0,0,0,0,0,2.8475138,0,0,9.933029521,9.3930114186,8.4369559448,20.367287435,12.196426895,0,-1.899490116,4
5.699818,909716,279,0,0,0,0,0,0,0,1,0,0,0,0,0,0,0,0,0,1,0,1,0,0,1,0,0,0,1,0,0,1,1,0,0,1,0,0,0,0,0,0,0,0,0,1,0.635086,0,0,0,0,0,3.0394636924,0,0,10.003834798,9.1063448433,9.204390565,21.518247244,10.79405744,0,4.754692559,8
2.80166,1240215,1052,1,0,0,0,0,0,0,1,0,0,0,0,0,0,1,0,1,0,0,1,0,0,1,0,0,0,1,0,0,0,1,0,0,0,0,0,0,0,0,0,0,0,0,0,0,0,6.5996007032,1,0,0,3.0662629843,0,0,9.7897319206,9.5000439039,8.3461885734,18.613933282,12.102026295,0,3.688199264,9
2.253092,908127,229,0,0,0,0,0,0,0,1,0,0,0,0,0,0,0,0,0,0,1,1,1,0,1,0,0,0,1,0,0,0,0,0,0,0,0,0,0,0,0,1,0,0,0,1,1.27964,1,0,0,0,1,3.0421537126,0,0,10.037693787,8.9938650804,8.3185333971,19.139495065,12.828822864,0,2.769795785,10
5.18401,924248,192,0,0,0,0,0,0,0,0,0,0,0,0,0,0,0,0,0,0,0,0,0,0,0,0,0,0,1,0,0,0,0,0,0,0,0,0,0,0,0,0,0,0,0,0,0.770379,0,0,0,4.9079778596,0,2.9762225287,0,0,10.286534739,8.7162113922,8.7121246012,21.756550177,14.591372756,0,4.1876881219,8
6.053812,909754,253,0,0,0,0,1,0,0,0,0,0,0,0,0,0,0,0,0,0,0,1,0,0,0,0,0,0,1,0,1,1,0,1,1,0,0,0,0,0,0,1,0,0.874992,3.482301125,2,1.249564,4,12.400271453,2,14.35521576,4,3.2239404416,0,0,10.807558704,8.9081237696,9.3022917015,24.001803288,16.699368639,2,5.0049988339,5
4.56432,909754,252,0,0,0,0,0,0,0,0,0,0,0,0,0,0,0,0,0,0,0,0,0,0,0,0,0,0,1,0,1,0,1,0,0,0,0,0,0,0,0,1,0,0.874992,3.482301125,2,1.249564,4,12.400271453,2,14.35521576,4,3.2239404416,0,0,10.807558704,8.9081237696,9.3022917015,24.001803288,16.699368639,2,2.9742187029,9
2.800349,909264,254,0,0,0,1,0,0,0,0,0,0,0,0,0,0,0,1,1,0,0,1,0,0,0,0,0,0,1,0,1,1,0,0,1,0,0,0,0,0,0,1,0,0,0,0,0,0,0,0,0,1,2.8489562007,0,0,10.179938953,8.755480529,8.5485372513,19.138951582,10.853599749,0,2.1352955939,3
1.037623,1240166,6,0,0,0,0,0,0,0,1,0,0,0,0,0,1,0,0,0,0,1,1,0,0,0,0,0,0,1,0,0,1,1,0,0,1,0,0,0,0,0,1,0,0,0,0,0,1,0,0,2.7966849473,0,3.0238717604,0,0,11.482168397,10.167713696,8.8557395336,20.400662619,11.724299341,0,1.8708213134,6
1.777151,925343,1038,1,0,0,0,0,0,0,0,1,1,0,0,0,0,1,0,0,0,1,1,0,1,1,0,0,0,1,0,0,1,1,0,1,1,0,0,0,1,0,0,1,0,0,0,0,1,0,0,0,1,2.9962981835,0,0,10.189126272,8.8162974431,8.2373848904,18.579263139,13.013508287,0,1.2928537543,4
1.860217,1240215,1023,1,0,0,0,0,0,0,1,0,0,0,0,0,0,0,0,0,0,1,1,0,0,1,0,0,0,1,0,0,0,1,0,0,0,0,0,0,0,0,1,0,0,0,0,0,0,6.5996007032,1,0,0,3.0662629843,0,0,9.7897319206,9.5000439039,8.3461885734,18.613933282,12.102026295,0,1.7213992875,6
1.928039,907298,260,0,0,0,0,0,0,0,0,0,1,1,0,0,0,0,0,1,1,1,1,0,1,0,0,0,1,1,0,1,0,1,0,0,0,0,0,0,0,0,1,0,0,0,0,0,0,0,0,0,0,2.976818149,0,0,11.151804899,8.4640050836,8.4112568406,19.341029083,9.6827849299,0,2.1043325887,7
2.821254,909716,281,0,0,0,0,0,0,0,1,0,0,1,0,0,0,1,0,1,1,1,1,1,0,1,0,0,0,1,1,0,1,1,0,1,0,0,0,0,0,0,0,0,0,0,1,0.635086,0,0,0,0,0,3.0394636924,0,0,10.003834798,9.1063448433,9.204390565,21.518247244,10.79405744,0,3.1754734397,1
-0.948374,909264,252,0,0,0,0,0,0,0,0,0,0,0,0,0,0,0,0,0,0,0,0,0,0,0,0,0,0,1,0,1,0,1,0,0,0,0,0,0,0,0,1,0,0,0,0,0,0,0,0,0,1,2.8489562007,0,0,10.179938953,8.755480529,8.5485372513,19.138951582,10.853599749,0,-0.684107014,6
4.062204,907298,1052,1,0,0,0,0,0,0,1,0,0,0,0,0,0,1,0,1,0,0,1,0,0,1,0,0,0,1,0,0,0,1,0,0,0,0,0,0,0,0,0,0,0,0,0,0,0,0,0,0,0,2.976818149,0,0,11.151804899,8.4640050836,8.4112568406,19.341029083,9.6827849299,0,3.418284836,5
2.928631,909756,1129,1,0,1,0,0,0,0,0,0,0,0,0,0,0,0,0,1,0,0,1,0,0,0,0,0,0,1,0,1,0,0,0,0,0,0,0,0,0,0,1,0,0,0,0,0,0,0,0,0,0,2.8475138,0,0,9.933029521,9.3930114186,8.4369559448,20.367287435,12.196426895,0,3.1867975035,4
4.226063,1240166,255,0,0,0,0,0,0,0,1,0,1,0,0,0,0,1,1,1,0,0,1,0,1,1,0,0,0,1,0,1,0,0,0,1,1,0,0,0,0,0,0,0,0,0,0,0,1,0,0,2.7966849473,0,3.0238717604,0,0,11.482168397,10.167713696,8.8557395336,20.400662619,11.724299341,0,4.0458607321,9
3.066911,909720,1,0,0,0,0,0,0,1,1,0,0,0,0,0,0,0,1,0,0,0,1,0,0,0,0,0,0,1,0,1,0,0,0,0,0,0,0,0,0,0,0,0,0,0,0,0,0,0,0,0,0,3.0099116771,0,0,9.0894024505,8.2986888893,8.1706134297,17.631371436,12.114078001,0,2.2145694441,4
2.640945,1240210,302,0,0,0,0,0,0,0,0,0,0,0,0,0,0,0,0,0,0,0,1,0,0,0,0,0,0,1,0,1,1,1,0,1,1,0,0,0,0,1,0,0,0,0,0,0,0,3.3913998776,0,0,1,2.9949189991,0,0,10.228550361,8.5071086764,8.3609990245,18.427721333,11.096510538,1,1.0986945651,2
3.298735,909759,1013,1,0,0,0,0,0,0,1,0,0,0,0,0,0,0,0,0,1,0,1,0,0,0,0,0,0,1,0,1,0,1,0,0,0,0,0,0,0,0,1,0,0,0,0,0,0,0,0,0,0,3.0146730322,0,0,9.237139029,8.4702744104,7.4905298784,18.879786744,11.507563933,0,2.5596390378,4
3.833726,909759,294,0,0,0,1,1,0,0,0,0,0,0,0,0,0,0,0,0,0,0,1,0,0,0,0,0,0,1,0,1,0,0,0,1,0,0,0,0,0,1,0,0,0,0,0,0,0,0,0,0,0,3.0146730322,0,0,9.237139029,8.4702744104,7.4905298784,18.879786744,11.507563933,0,3.2334242223,6
-0.837355,909720,159,0,0,0,0,0,0,0,0,0,0,1,0,0,0,1,0,1,1,1,1,0,0,1,0,0,0,1,0,1,0,1,0,0,0,0,0,0,0,0,1,0,0,0,0,0,0,0,0,0,0,3.0099116771,0,0,9.0894024505,8.2986888893,8.1706134297,17.631371436,12.114078001,0,0.8105596367,1
2.663988,924248,52,0,0,0,0,0,0,0,0,0,0,0,0,0,0,1,1,0,0,0,1,1,0,1,0,0,0,1,0,1,0,1,0,0,0,0,0,0,0,0,0,0,0,0,0,0.770379,0,0,0,4.9079778596,0,2.9762225287,0,0,10.286534739,8.7162113922,8.7121246012,21.756550177,14.591372756,0,2.8465575212,4
2.029387,909732,1015,1,1,0,0,0,0,0,1,0,0,0,0,0,0,0,0,0,0,0,1,0,0,0,0,0,0,1,0,0,1,1,0,0,0,0,0,0,0,0,0,0,0,0,0,0,0,0,0,0,1,2.973266203,0,0,10.857390724,8.2620767107,8.4660243758,21.864805491,10.66951928,0,3.5510544733,1
2.031942,907298,152,0,0,0,0,0,0,1,1,0,0,0,0,0,0,0,1,0,0,0,1,0,0,0,0,0,0,1,0,1,0,0,0,0,0,1,1,0,0,0,1,0,0,0,0,0,0,0,0,0,0,2.976818149,0,0,11.151804899,8.4640050836,8.4112568406,19.341029083,9.6827849299,0,2.6873945966,2
-0.644002,909264,273,0,0,0,0,0,0,1,1,0,0,0,0,0,0,0,1,0,0,0,1,0,1,0,0,0,0,1,0,1,0,0,0,0,0,0,0,0,0,0,0,0,0,0,0,0,0,0,0,0,1,2.8489562007,0,0,10.179938953,8.755480529,8.5485372513,19.138951582,10.853599749,0,-0.677803634,8
0.425346,909732,35,0,0,0,1,1,0,0,0,0,0,0,0,0,0,0,0,0,0,0,0,0,0,0,0,0,0,1,0,1,0,0,0,1,0,0,0,0,0,0,1,0,0,0,0,0,0,0,0,0,1,2.973266203,0,0,10.857390724,8.2620767107,8.4660243758,21.864805491,10.66951928,0,0.3696983376,2
0.076352,908127,312,0,1,0,0,0,0,1,1,0,0,0,0,0,0,0,1,0,0,0,1,0,1,0,0,0,0,1,0,1,1,0,0,0,0,0,0,0,0,0,0,0,0,0,1,1.27964,1,0,0,0,1,3.0421537126,0,0,10.037693787,8.9938650804,8.3185333971,19.139495065,12.828822864,0,-0.150514623,6
3.265654,909759,6,0,0,0,0,0,0,0,1,0,0,0,0,0,1,0,0,0,0,1,1,0,0,0,0,0,0,1,0,0,1,1,0,0,1,0,0,0,0,0,1,0,0,0,0,0,0,0,0,0,0,3.0146730322,0,0,9.237139029,8.4702744104,7.4905298784,18.879786744,11.507563933,0,3.0899179688,6
0.875603,909759,229,0,0,0,0,0,0,0,1,0,0,0,0,0,0,0,0,0,0,1,1,1,0,1,0,0,0,1,0,0,0,0,0,0,0,0,0,0,0,0,1,0,0,0,0,0,0,0,0,0,0,3.0146730322,0,0,9.237139029,8.4702744104,7.4905298784,18.879786744,11.507563933,0,2.638159009,10
2.475306,909759,275,0,0,0,0,0,0,0,1,0,0,0,0,0,0,0,1,0,0,0,1,0,1,1,0,0,0,1,0,1,0,0,0,0,1,1,0,0,0,0,1,0,0,0,0,0,0,0,0,0,0,3.0146730322,0,0,9.237139029,8.4702744104,7.4905298784,18.879786744,11.507563933,0,2.4071281133,7
4.611888,909756,253,0,0,0,0,1,0,0,0,0,0,0,0,0,0,0,0,0,0,0,1,0,0,0,0,0,0,1,0,1,1,0,1,1,0,0,0,0,0,0,1,0,0,0,0,0,0,0,0,0,0,2.8475138,0,0,9.933029521,9.3930114186,8.4369559448,20.367287435,12.196426895,0,5.0281942957,7
-3.488059,909720,87,0,0,1,0,0,0,1,0,0,0,1,0,0,0,0,1,0,0,1,1,0,1,0,0,0,0,1,0,1,0,0,0,0,0,0,0,0,1,0,1,0,0,0,0,0,0,0,0,0,0,3.0099116771,0,0,9.0894024505,8.2986888893,8.1706134297,17.631371436,12.114078001,0,-3.84543436,6
2.010501,971773,277,0,0,0,0,0,0,0,1,0,0,1,0,0,0,0,0,1,0,1,1,0,0,1,0,0,0,1,0,1,0,0,0,0,0,1,1,0,0,0,0,0,0,0,0,0,0,0,0,0,0,2.9223297099,0,0,8.8816005533,8.4627762221,8.5256898879,18.752996197,9.9208505412,0,2.2343991906,3
3.795883,909756,301,0,0,0,0,0,0,0,0,0,0,0,0,0,0,0,0,0,0,0,1,0,0,0,0,0,0,0,0,0,0,0,0,0,1,1,1,0,0,0,1,0,0,0,0,0,0,0,0,0,0,2.8475138,0,0,9.933029521,9.3930114186,8.4369559448,20.367287435,12.196426895,0,2.6165962013,9
2.677784,1240215,292,0,0,0,0,0,0,0,1,0,0,0,0,0,0,0,0,1,1,0,1,0,0,0,0,0,0,1,0,1,0,1,0,0,0,0,0,0,0,0,1,0,0,0,0,0,0,6.5996007032,1,0,0,3.0662629843,0,0,9.7897319206,9.5000439039,8.3461885734,18.613933282,12.102026295,0,3.4196726654,8
2.829899,971773,290,0,0,0,0,0,0,0,0,0,0,0,0,0,0,0,0,0,0,0,1,0,0,0,0,0,0,0,1,0,1,1,0,0,0,0,0,0,0,0,0,0,0,0,0,0,0,0,0,0,0,2.9223297099,0,0,8.8816005533,8.4627762221,8.5256898879,18.752996197,9.9208505412,0,3.5327142429,3
4.998292,971773,193,0,0,0,0,0,0,1,0,0,0,0,0,0,0,0,0,0,0,0,1,0,1,1,0,0,0,1,0,1,0,0,0,0,0,0,0,0,0,0,0,0,0,0,0,0,0,0,0,0,0,2.9223297099,0,0,8.8816005533,8.4627762221,8.5256898879,18.752996197,9.9208505412,0,5.2714644068,7
5.363329,1240215,260,0,0,0,0,0,0,0,0,0,1,1,0,0,0,0,0,1,1,1,1,0,1,0,0,0,1,1,0,1,0,1,0,0,0,0,0,0,0,0,1,0,0,0,0,0,0,6.5996007032,1,0,0,3.0662629843,0,0,9.7897319206,9.5000439039,8.3461885734,18.613933282,12.102026295,0,3.767332004,1
2.832712,906999,199,0,0,0,0,0,0,0,1,1,0,0,0,0,0,0,0,1,0,0,1,0,0,0,0,0,0,1,0,1,0,0,0,0,0,1,0,1,0,0,0,0,0.7194,3.6102271394,1,0.7194,1,7.3829576608,1,2.9446837949,1,3.0495934171,0,0,9.9476808172,9.3831420839,8.7083086013,23.755134442,11.830576137,2,3.1340518306,7
3.437638,925343,262,0,1,0,0,0,0,0,0,0,0,0,0,1,0,0,0,0,0,0,1,1,1,1,0,0,0,1,0,1,0,1,0,1,1,0,0,0,0,1,1,0,0,0,0,0,1,0,0,0,1,2.9962981835,0,0,10.189126272,8.8162974431,8.2373848904,18.579263139,13.013508287,0,3.3757587816,6
3.567395,908127,1143,1,0,0,1,1,0,0,0,0,0,0,0,0,0,0,0,0,0,0,1,0,0,0,0,0,0,1,0,1,0,0,0,1,0,0,0,0,0,0,0,0,0,0,1,1.27964,1,0,0,0,1,3.0421537126,3.360290995,0,10.037693787,8.9938650804,8.3185333971,19.139495065,12.828822864,0,4.3138881318,9
5.147839,910784,255,0,0,0,0,0,0,0,1,0,1,0,0,0,0,1,1,1,0,0,1,0,1,1,0,0,0,1,0,1,0,0,0,1,1,0,0,0,0,0,0,0,0,0,0,0,0,3.1694195397,0,0,0,2.7731873637,0,0,9.4480264448,8.1521646816,8.3427107252,19.196949072,9.0332286474,0,4.6259609921,6
0.810223,909759,1054,1,0,0,0,0,0,0,0,0,0,0,0,0,0,0,0,0,0,1,1,0,0,0,0,0,0,1,0,1,1,0,0,0,1,0,0,0,0,0,1,1,0,0,0,0,0,0,0,0,0,3.0146730322,0,0,9.237139029,8.4702744104,7.4905298784,18.879786744,11.507563933,0,0.1262765898,3
1.277729,1240166,331,0,0,0,0,0,0,0,1,0,0,0,0,0,0,1,0,1,0,1,1,1,0,1,0,0,0,1,0,0,0,1,0,0,0,1,0,0,0,0,0,0,0,0,0,0,1,0,0,2.7966849473,0,3.0238717604,0,0,11.482168397,10.167713696,8.8557395336,20.400662619,11.724299341,0,1.7328836864,1
-1.56745,925343,153,0,0,1,0,0,0,0,1,0,0,1,0,0,0,1,0,1,1,1,1,1,0,1,0,0,0,1,0,0,0,1,0,1,1,0,0,0,0,0,1,0,0,0,0,0,1,0,0,0,1,2.9962981835,0,0,10.189126272,8.8162974431,8.2373848904,18.579263139,13.013508287,0,-0.519620541,5
2.605869,909754,1038,1,0,0,0,0,0,0,0,1,1,0,0,0,0,1,0,0,0,1,1,0,1,1,0,0,0,1,0,0,1,1,0,1,1,0,0,0,1,0,0,1,0.874992,3.482301125,2,1.249564,4,12.400271453,2,14.35521576,4,3.2239404416,0,2,10.807558704,8.9081237696,9.3022917015,24.001803288,16.699368639,2,3.139527154,1
2.634533,908127,1203,1,0,0,0,0,0,0,1,0,0,0,0,0,0,1,0,1,0,1,1,1,0,1,0,0,0,1,0,0,0,1,0,0,0,0,0,0,0,0,0,0,0,0,1,1.27964,1,0,0,0,1,3.0421537126,0,0,10.037693787,8.9938650804,8.3185333971,19.139495065,12.828822864,0,1.5772741276,5
0.08306,1299061,1021,1,0,0,0,0,0,0,1,1,0,0,0,0,0,0,0,0,0,0,1,0,0,0,0,0,0,1,0,0,0,1,0,0,1,1,0,1,0,0,0,0,0,0,0,0,0,5.924603939,0,0,0,3.181275322,0,0,11.527623475,8.7989567731,8.2649243614,19.027614517,10.63934132,0,0.5492399209,7
3.933953,909732,262,0,1,0,0,0,0,0,0,0,0,0,0,1,0,0,0,0,0,0,1,1,1,1,0,0,0,1,0,1,0,1,0,1,1,0,0,0,0,1,1,0,0,0,0,0,0,0,0,0,1,2.973266203,0,0,10.857390724,8.2620767107,8.4660243758,21.864805491,10.66951928,0,3.0700951587,2
-1.550464,907298,153,0,0,1,0,0,0,0,1,0,0,1,0,0,0,1,0,1,1,1,1,1,0,1,0,0,0,1,0,0,0,1,0,1,1,0,0,0,0,0,1,0,0,0,0,0,0,0,0,0,0,2.976818149,0,0,11.151804899,8.4640050836,8.4112568406,19.341029083,9.6827849299,0,-1.197150969,6
1.482036,971773,1373,1,0,0,0,0,0,0,0,0,0,0,0,0,0,0,0,0,0,0,1,0,0,1,0,0,0,1,0,1,0,0,0,0,0,0,0,0,0,0,0,0,0,0,0,0,0,0,0,0,0,2.9223297099,0,0,8.8816005533,8.4627762221,8.5256898879,18.752996197,9.9208505412,0,0.739274327,5
-0.879344,1240215,155,0,0,0,0,0,0,0,0,0,0,1,0,0,0,1,0,1,1,1,1,0,0,1,0,0,0,1,0,1,0,1,0,0,0,1,0,0,0,0,1,0,0,0,0,0,0,6.5996007032,1,0,0,3.0662629843,0,0,9.7897319206,9.5000439039,8.3461885734,18.613933282,12.102026295,0,0.2480324801,2
4.208848,909732,1043,1,0,0,0,0,0,0,0,0,1,0,0,0,0,0,0,0,0,0,1,0,1,0,0,0,1,1,1,1,0,0,0,0,0,0,0,0,0,0,0,0,0,0,0,0,0,0,0,0,1,2.973266203,0,-3,10.857390724,8.2620767107,8.4660243758,21.864805491,10.66951928,0,3.3069252724,1
5.656478,925343,193,0,0,0,0,0,0,1,0,0,0,0,0,0,0,0,0,0,0,0,1,0,1,1,0,0,0,1,0,1,0,0,0,0,0,0,0,0,0,0,0,0,0,0,0,0,1,0,0,0,1,2.9962981835,0,0,10.189126272,8.8162974431,8.2373848904,18.579263139,13.013508287,0,5.138013887,5
1.947098,971773,295,0,0,0,0,0,0,0,1,0,0,0,0,0,0,0,0,0,1,0,1,0,0,0,0,0,0,1,0,1,0,1,0,0,0,1,0,0,0,0,0,0,0,0,0,0,0,0,0,0,0,2.9223297099,0,0,8.8816005533,8.4627762221,8.5256898879,18.752996197,9.9208505412,0,2.6090189729,3
-0.022331,924248,331,0,0,0,0,0,0,0,1,0,0,0,0,0,0,1,0,1,0,1,1,1,0,1,0,0,0,1,0,0,0,1,0,0,0,1,0,0,0,0,0,0,0,0,0,0.770379,0,0,0,4.9079778596,0,2.9762225287,0,0,10.286534739,8.7162113922,8.7121246012,21.756550177,14.591372756,0,0.1923422658,2
1.641194,909264,167,0,0,0,0,0,0,0,0,0,0,1,0,0,0,1,0,0,1,1,1,0,0,1,0,0,0,1,0,0,0,0,0,0,0,1,0,0,0,0,1,0,0,0,0,0,0,0,0,0,1,2.8489562007,0,0,10.179938953,8.755480529,8.5485372513,19.138951582,10.853599749,0,2.7603525768,6
3.241445,971773,63,0,0,0,0,0,0,0,0,1,1,0,0,0,1,0,0,0,1,0,1,0,1,0,0,0,0,1,0,1,0,1,0,0,1,0,0,0,1,0,1,0,0,0,0,0,0,0,0,0,0,2.9223297099,0,-3,8.8816005533,8.4627762221,8.5256898879,18.752996197,9.9208505412,0,2.6790851757,9
4.683867,909720,1039,1,0,0,0,0,0,0,0,0,1,0,0,0,0,0,0,0,0,0,1,0,1,1,0,0,1,1,0,0,0,1,0,0,0,0,0,0,1,1,0,1,0,0,0,0,0,0,0,0,0,3.0099116771,0,0,9.0894024505,8.2986888893,8.1706134297,17.631371436,12.114078001,0,4.1349984585,9
1.652768,908127,167,0,0,0,0,0,0,0,0,0,0,1,0,0,0,1,0,0,1,1,1,0,0,1,0,0,0,1,0,0,0,0,0,0,0,1,0,0,0,0,1,0,0,0,1,1.27964,1,0,0,0,1,3.0421537126,0,0,10.037693787,8.9938650804,8.3185333971,19.139495065,12.828822864,0,1.9574678884,4
1.041404,908127,1037,1,0,0,0,0,0,0,0,0,0,0,0,0,0,0,0,0,0,0,0,0,0,0,0,0,0,1,0,1,0,1,0,0,1,0,0,0,0,0,0,0,0,0,1,1.27964,1,0,0,0,1,3.0421537126,0,0,10.037693787,8.9938650804,8.3185333971,19.139495065,12.828822864,0,0.9726697536,9
2.032821,925343,106,0,0,0,0,1,0,0,1,0,0,0,0,0,0,0,0,0,0,0,1,0,0,0,0,0,0,1,0,1,1,1,0,1,1,0,0,0,0,0,1,0,0,0,0,0,1,0,0,0,1,2.9962981835,0,0,10.189126272,8.8162974431,8.2373848904,18.579263139,13.013508287,0,2.4379838171,5
1.713376,925343,331,0,0,0,0,0,0,0,1,0,0,0,0,0,0,1,0,1,0,1,1,1,0,1,0,0,0,1,0,0,0,1,0,0,0,1,0,0,0,0,0,0,0,0,0,0,1,0,0,0,1,2.9962981835,0,0,10.189126272,8.8162974431,8.2373848904,18.579263139,13.013508287,0,1.9194336879,7
4.856023,925343,275,0,0,0,0,0,0,0,1,0,0,0,0,0,0,0,1,0,0,0,1,0,1,1,0,0,0,1,0,1,0,0,0,0,1,1,0,0,0,0,1,0,0,0,0,0,1,0,0,0,1,2.9962981835,0,0,10.189126272,8.8162974431,8.2373848904,18.579263139,13.013508287,0,4.7922022061,2
3.6048,1240215,330,0,0,0,0,0,0,0,1,0,0,0,0,0,0,1,0,0,1,1,1,0,0,1,0,0,0,1,0,0,0,1,0,0,1,1,1,0,0,0,0,0,0,0,0,0,0,6.5996007032,1,0,0,3.0662629843,0,0,9.7897319206,9.5000439039,8.3461885734,18.613933282,12.102026295,0,3.5312365806,2
0.850623,909732,1037,1,0,0,0,0,0,0,0,0,0,0,0,0,0,0,0,0,0,0,0,0,0,0,0,0,0,1,0,1,0,1,0,0,1,0,0,0,0,0,0,0,0,0,0,0,0,0,0,0,1,2.973266203,0,0,10.857390724,8.2620767107,8.4660243758,21.864805491,10.66951928,0,1.0561894905,9
3.737203,971774,1019,1,1,0,0,0,0,1,1,0,0,0,0,0,0,0,1,0,0,0,1,0,1,1,0,0,0,1,1,0,0,0,0,0,0,0,0,0,0,0,1,0,0.807544,3.165283691,0,0.726215,1,3.4190544056,1,4.2084771202,1,3.0918643898,0,0,11.706620878,9.1123914875,8.9001265462,18.080785351,12.757518026,0,3.9095318375,10
5.095858,908127,275,0,0,0,0,0,0,0,1,0,0,0,0,0,0,0,1,0,0,0,1,0,1,1,0,0,0,1,0,1,0,0,0,0,1,1,0,0,0,0,1,0,0,0,1,1.27964,1,0,0,0,1,3.0421537126,0,0,10.037693787,8.9938650804,8.3185333971,19.139495065,12.828822864,0,4.8982808548,9
5.211945,907298,231,0,0,0,0,0,0,0,0,0,0,0,0,0,0,0,0,0,1,1,1,0,0,1,0,0,0,1,0,1,0,0,0,1,0,0,0,0,0,0,0,0,0,0,0,0,0,0,0,0,0,2.976818149,0,0,11.151804899,8.4640050836,8.4112568406,19.341029083,9.6827849299,0,4.0773285705,1
5.000482,907298,255,0,0,0,0,0,0,0,1,0,1,0,0,0,0,1,1,1,0,0,1,0,1,1,0,0,0,1,0,1,0,0,0,1,1,0,0,0,0,0,0,0,0,0,0,0,0,0,0,0,0,2.976818149,0,0,11.151804899,8.4640050836,8.4112568406,19.341029083,9.6827849299,0,4.3628484703,6
4.304237,909756,330,0,0,0,0,0,0,0,1,0,0,0,0,0,0,1,0,0,1,1,1,0,0,1,0,0,0,1,0,0,0,1,0,0,1,1,1,0,0,0,0,0,0,0,0,0,0,0,0,0,0,2.8475138,0,0,9.933029521,9.3930114186,8.4369559448,20.367287435,12.196426895,0,3.2308606554,8
2.966711,971773,1164,1,0,0,0,1,0,0,1,0,0,0,0,0,0,0,0,0,0,0,1,0,0,0,0,0,0,1,0,1,1,1,0,1,1,0,0,0,0,1,1,0,0,0,0,0,0,0,0,0,0,2.9223297099,0,0,8.8816005533,8.4627762221,8.5256898879,18.752996197,9.9208505412,0,3.1022367455,7
5.276553,909720,231,0,0,0,0,0,0,0,0,0,0,0,0,0,0,0,0,0,1,1,1,0,0,1,0,0,0,1,0,1,0,0,0,1,0,0,0,0,0,0,0,0,0,0,0,0,0,0,0,0,0,3.0099116771,0,0,9.0894024505,8.2986888893,8.1706134297,17.631371436,12.114078001,0,5.442033776,1
0.211348,909716,312,0,1,0,0,0,0,1,1,0,0,0,0,0,0,0,1,0,0,0,1,0,1,0,0,0,0,1,0,1,1,0,0,0,0,0,0,0,0,0,0,0,0,0,1,0.635086,0,0,0,0,0,3.0394636924,0,0,10.003834798,9.1063448433,9.204390565,21.518247244,10.79405744,0,-0.105139956,6
1.972701,924248,32,0,0,0,0,0,0,0,0,0,0,0,0,0,0,0,0,0,0,0,0,0,0,0,0,0,0,1,0,1,0,0,0,0,0,1,1,0,0,0,1,0,0,0,0,0.770379,0,0,0,4.9079778596,0,2.9762225287,0,0,10.286534739,8.7162113922,8.7121246012,21.756550177,14.591372756,0,0.7292918544,8
4.286943,909264,345,0,0,0,0,0,0,0,1,0,0,1,0,0,0,0,0,1,0,1,1,0,0,0,0,1,0,1,0,1,0,1,0,0,0,0,0,0,0,0,0,0,0,0,0,0,0,0,0,0,1,2.8489562007,0,0,10.179938953,8.755480529,8.5485372513,19.138951582,10.853599749,0,4.3161093287,6
4.327639,907298,176,0,0,0,0,0,1,0,0,1,0,1,0,0,1,0,0,0,0,1,1,0,1,0,0,0,0,1,0,0,0,0,0,0,0,0,0,0,0,1,0,0,0,0,0,0,0,0,0,0,0,2.976818149,0,0,11.151804899,8.4640050836,8.4112568406,19.341029083,9.6827849299,0,3.169226724,3
4.068265,906999,206,0,0,0,0,0,0,0,0,0,0,0,0,0,0,0,0,0,0,0,1,0,0,0,0,0,0,1,1,1,0,0,0,0,0,1,0,0,0,0,0,0,0.7194,3.6102271394,1,0.7194,1,7.3829576608,1,2.9446837949,1,3.0495934171,0,0,9.9476808172,9.3831420839,8.7083086013,23.755134442,11.830576137,2,5.177326926,2
4.565378,925343,281,0,0,0,0,0,0,0,1,0,0,1,0,0,0,1,0,1,1,1,1,1,0,1,0,0,0,1,1,0,1,1,0,1,0,0,0,0,0,0,0,0,0,0,0,0,1,0,0,0,1,2.9962981835,0,0,10.189126272,8.8162974431,8.2373848904,18.579263139,13.013508287,0,4.1728362325,9
3.850543,909754,302,0,0,0,0,0,0,0,0,0,0,0,0,0,0,0,0,0,0,0,1,0,0,0,0,0,0,1,0,1,1,1,0,1,1,0,0,0,0,1,0,0,0.874992,3.482301125,2,1.249564,4,12.400271453,2,14.35521576,4,3.2239404416,0,0,10.807558704,8.9081237696,9.3022917015,24.001803288,16.699368639,2,6.5854225196,5
1.921398,909756,106,0,0,0,0,1,0,0,1,0,0,0,0,0,0,0,0,0,0,0,1,0,0,0,0,0,0,1,0,1,1,1,0,1,1,0,0,0,0,0,1,0,0,0,0,0,0,0,0,0,0,2.8475138,0,0,9.933029521,9.3930114186,8.4369559448,20.367287435,12.196426895,0,2.2686860206,6
4.990522,1240166,345,0,0,0,0,0,0,0,1,0,0,1,0,0,0,0,0,1,0,1,1,0,0,0,0,1,0,1,0,1,0,1,0,0,0,0,0,0,0,0,0,0,0,0,0,0,1,0,0,2.7966849473,0,3.0238717604,0,0,11.482168397,10.167713696,8.8557395336,20.400662619,11.724299341,0,4.3161204989,3
4.265362,971773,1025,1,0,0,0,0,0,0,1,0,0,0,0,0,0,0,0,0,0,1,1,1,0,1,0,0,0,1,0,0,0,0,0,0,0,0,0,0,0,0,0,0,0,0,0,0,0,0,0,0,0,2.9223297099,0,0,8.8816005533,8.4627762221,8.5256898879,18.752996197,9.9208505412,0,4.6795411238,3
-3.703244,909732,83,0,0,0,0,0,0,0,1,0,0,0,0,0,0,1,0,1,0,1,1,1,0,1,0,0,0,1,0,0,0,1,0,0,1,0,0,0,0,0,1,0,0,0,0,0,0,0,0,0,1,2.973266203,0,0,10.857390724,8.2620767107,8.4660243758,21.864805491,10.66951928,0,-2.294617353,9
5.270879,909732,230,0,0,0,0,0,0,0,1,0,0,0,0,0,0,0,0,0,1,1,1,0,0,1,1,0,0,1,0,0,1,0,0,0,0,1,0,0,0,0,0,0,0,0,0,0,0,0,0,0,1,2.973266203,0,0,10.857390724,8.2620767107,8.4660243758,21.864805491,10.66951928,0,4.1895174348,4
3.228864,909756,203,0,0,1,0,0,0,0,0,0,0,0,0,0,0,0,0,1,0,0,1,0,0,0,0,0,0,1,0,1,0,0,0,0,0,0,0,0,0,0,1,0,0,0,0,0,0,0,0,0,0,2.8475138,0,0,9.933029521,9.3930114186,8.4369559448,20.367287435,12.196426895,0,3.1788074953,10
3.963476,906999,249,0,0,0,0,0,0,1,1,0,0,0,0,0,0,0,1,0,0,0,1,0,1,0,0,0,0,1,0,0,0,0,0,0,0,0,0,0,0,0,0,1,0.7194,3.6102271394,1,0.7194,1,7.3829576608,1,2.9446837949,1,3.0495934171,0,0,9.9476808172,9.3831420839,8.7083086013,23.755134442,11.830576137,2,5.5898770138,7
4.709826,906999,257,0,0,0,0,1,0,0,0,0,0,0,0,0,0,0,0,1,0,0,1,1,0,0,0,0,1,1,0,1,0,1,0,1,1,0,0,0,0,0,1,0,0.7194,3.6102271394,1,0.7194,1,7.3829576608,1,2.9446837949,1,3.0495934171,3.165542488,0,9.9476808172,9.3831420839,8.7083086013,23.755134442,11.830576137,2,4.8344405325,2
3.751145,909264,281,0,0,0,0,0,0,0,1,0,0,1,0,0,0,1,0,1,1,1,1,1,0,1,0,0,0,1,1,0,1,1,0,1,0,0,0,0,0,0,0,0,0,0,0,0,0,0,0,0,1,2.8489562007,0,0,10.179938953,8.755480529,8.5485372513,19.138951582,10.853599749,0,3.9397692371,1
5.288479,925343,1030,1,0,0,0,0,0,0,0,1,0,0,0,0,1,0,0,0,0,0,1,0,1,1,0,0,0,1,0,0,1,1,0,1,1,0,0,0,1,0,0,1,0,0,0,0,1,0,0,0,1,2.9962981835,0,0,10.189126272,8.8162974431,8.2373848904,18.579263139,13.013508287,0,3.4139569479,9
2.205907,909756,331,0,0,0,0,0,0,0,1,0,0,0,0,0,0,1,0,1,0,1,1,1,0,1,0,0,0,1,0,0,0,1,0,0,0,1,0,0,0,0,0,0,0,0,0,0,0,0,0,0,0,2.8475138,0,0,9.933029521,9.3930114186,8.4369559448,20.367287435,12.196426895,0,0.8078567114,2
0.129565,971773,235,0,0,0,0,0,0,0,1,0,0,0,0,0,0,1,0,1,0,1,1,1,0,1,0,0,0,1,0,0,0,1,0,0,1,1,0,0,0,0,0,0,0,0,0,0,0,0,0,0,0,2.9223297099,0,0,8.8816005533,8.4627762221,8.5256898879,18.752996197,9.9208505412,0,0.8908287643,9
5.909413,909754,1043,1,0,0,0,0,0,0,0,0,1,0,0,0,0,0,0,0,0,0,1,0,1,0,0,0,1,1,1,1,0,0,0,0,0,0,0,0,0,0,0,0,0.874992,3.482301125,2,1.249564,4,12.400271453,2,14.35521576,4,3.2239404416,0,2,10.807558704,8.9081237696,9.3022917015,24.001803288,16.699368639,2,5.7709911952,4
0.23609,1240166,178,0,0,0,0,0,0,1,0,0,0,0,0,0,0,0,0,0,0,0,1,0,1,0,0,0,0,1,0,1,1,1,0,0,0,0,0,0,0,0,1,0,0,0,0,0,1,0,0,2.7966849473,0,3.0238717604,0,0,11.482168397,10.167713696,8.8557395336,20.400662619,11.724299341,0,1.5676216385,9
5.831554,1240215,192,0,0,0,0,0,0,0,0,0,0,0,0,0,0,0,0,0,0,0,0,0,0,0,0,0,0,1,0,0,0,0,0,0,0,0,0,0,0,0,0,0,0,0,0,0,0,6.5996007032,1,0,0,3.0662629843,0,0,9.7897319206,9.5000439039,8.3461885734,18.613933282,12.102026295,0,4.4713853246,4
4.290906,971773,192,0,0,0,0,0,0,0,0,0,0,0,0,0,0,0,0,0,0,0,0,0,0,0,0,0,0,1,0,0,0,0,0,0,0,0,0,0,0,0,0,0,0,0,0,0,0,0,0,0,0,2.9223297099,0,0,8.8816005533,8.4627762221,8.5256898879,18.752996197,9.9208505412,0,3.3725254963,10
2.350575,925343,59,0,0,0,0,0,0,0,0,0,0,0,0,0,0,0,0,0,0,0,0,0,0,0,0,0,0,1,0,1,0,1,0,0,1,0,0,0,0,0,1,0,0,0,0,0,1,0,0,0,1,2.9962981835,0,0,10.189126272,8.8162974431,8.2373848904,18.579263139,13.013508287,0,4.1587826921,7
2.465388,909720,63,0,0,0,0,0,0,0,0,1,1,0,0,0,1,0,0,0,1,0,1,0,1,0,0,0,0,1,0,1,0,1,0,0,1,0,0,0,1,0,1,0,0,0,0,0,0,0,0,0,0,3.0099116771,0,0,9.0894024505,8.2986888893,8.1706134297,17.631371436,12.114078001,0,2.469429002,9
0.616008,909756,207,0,0,0,1,0,0,0,0,0,0,0,0,0,0,0,0,0,0,0,1,0,0,0,0,0,0,1,1,1,0,0,0,0,0,0,0,0,0,0,0,0,0,0,0,0,0,0,0,0,0,2.8475138,0,0,9.933029521,9.3930114186,8.4369559448,20.367287435,12.196426895,0,2.1137104019,8
1.947295,971773,1054,1,0,0,0,0,0,0,0,0,0,0,0,0,0,0,0,0,0,1,1,0,0,0,0,0,0,1,0,1,1,0,0,0,1,0,0,0,0,0,1,1,0,0,0,0,0,0,0,0,0,2.9223297099,0,0,8.8816005533,8.4627762221,8.5256898879,18.752996197,9.9208505412,0,1.193257968,6
3.451982,925343,306,0,0,0,0,0,0,0,0,0,0,0,0,0,0,0,1,0,0,0,0,0,0,0,0,0,0,1,0,1,0,0,0,1,0,0,0,1,0,0,0,0,0,0,0,0,1,0,0,0,1,2.9962981835,0,0,10.189126272,8.8162974431,8.2373848904,18.579263139,13.013508287,0,3.1544907915,8
-0.12478,909264,157,0,0,0,0,0,0,0,0,0,0,0,0,0,0,0,0,0,0,0,1,0,0,0,0,0,0,1,0,1,0,0,0,1,0,0,0,0,0,0,0,0,0,0,0,0,0,0,0,0,1,2.8489562007,0,0,10.179938953,8.755480529,8.5485372513,19.138951582,10.853599749,0,-1.724422063,6
3.180458,910784,298,0,0,0,0,0,0,0,1,0,0,0,0,0,0,0,1,0,0,1,1,0,0,1,0,0,0,1,0,0,1,0,0,0,0,0,0,1,0,0,0,0,0,0,0,0,0,3.1694195397,0,0,0,2.7731873637,0,0,9.4480264448,8.1521646816,8.3427107252,19.196949072,9.0332286474,0,3.8035616804,5
1.531776,1240215,256,0,0,0,0,0,0,0,1,0,0,0,0,0,0,1,0,1,0,1,1,1,1,1,0,0,0,1,0,0,0,1,0,0,0,0,0,0,0,0,1,0,0,0,0,0,0,6.5996007032,1,0,0,3.0662629843,0,0,9.7897319206,9.5000439039,8.3461885734,18.613933282,12.102026295,0,2.1839067725,6
3.547753,909756,287,0,0,1,0,0,0,0,0,0,0,0,0,0,0,0,1,0,0,0,1,0,1,0,0,0,0,1,0,1,1,1,0,1,1,0,0,0,0,0,1,1,0,0,0,0,0,0,0,0,0,2.8475138,0,0,9.933029521,9.3930114186,8.4369559448,20.367287435,12.196426895,0,2.9340713124,6
3.605768,971773,298,0,0,0,0,0,0,0,1,0,0,0,0,0,0,0,1,0,0,1,1,0,0,1,0,0,0,1,0,0,1,0,0,0,0,0,0,1,0,0,0,0,0,0,0,0,0,0,0,0,0,2.9223297099,0,0,8.8816005533,8.4627762221,8.5256898879,18.752996197,9.9208505412,0,2.8224217435,8
2.319873,909759,54,0,0,0,0,0,0,0,1,0,0,0,0,0,0,0,1,0,0,0,1,0,0,0,0,0,0,1,0,1,0,0,0,0,0,0,0,0,0,1,0,0,0,0,0,0,0,0,0,0,0,3.0146730322,0,0,9.237139029,8.4702744104,7.4905298784,18.879786744,11.507563933,0,2.1068738455,3
4.492404,909756,329,0,0,0,0,0,0,0,1,0,0,0,0,0,0,0,0,0,1,0,1,0,0,0,0,0,0,1,0,0,1,1,0,1,0,0,0,0,0,0,0,0,0,0,0,0,0,0,0,0,0,2.8475138,0,0,9.933029521,9.3930114186,8.4369559448,20.367287435,12.196426895,0,3.3561720259,7
0.998859,971774,1024,1,0,1,0,0,0,0,1,0,0,1,0,0,0,1,0,1,1,1,1,1,0,1,0,0,0,1,0,0,0,0,0,1,1,0,0,0,0,1,1,0,0.807544,3.165283691,0,0.726215,1,3.4190544056,1,4.2084771202,1,3.0918643898,0,0,11.706620878,9.1123914875,8.9001265462,18.080785351,12.757518026,0,-1.193129569,1
2.227081,907298,282,0,0,0,0,1,0,0,1,0,0,0,1,0,0,0,0,0,0,0,1,0,1,1,0,0,0,1,1,0,0,1,0,1,0,0,0,0,0,0,0,0,0,0,0,0,0,0,0,0,0,2.976818149,0,0,11.151804899,8.4640050836,8.4112568406,19.341029083,9.6827849299,0,2.7386122946,4
3.83232,909720,1194,1,0,0,0,0,0,1,0,0,0,0,0,0,0,0,0,0,0,0,1,0,1,1,0,0,0,1,0,1,0,0,0,0,0,0,0,0,0,0,1,0,0,0,0,0,0,0,0,0,0,3.0099116771,0,0,9.0894024505,8.2986888893,8.1706134297,17.631371436,12.114078001,0,3.7895599512,9
2.604478,909759,277,0,0,0,0,0,0,0,1,0,0,1,0,0,0,0,0,1,0,1,1,0,0,1,0,0,0,1,0,1,0,0,0,0,0,1,1,0,0,0,0,0,0,0,0,0,0,0,0,0,0,3.0146730322,0,0,9.237139029,8.4702744104,7.4905298784,18.879786744,11.507563933,0,1.9084349511,6
2.136236,909732,1219,1,0,0,0,0,1,0,1,0,0,0,0,0,0,0,0,0,0,0,1,0,0,0,0,0,0,1,0,1,0,0,0,0,1,0,0,0,0,0,0,0,0,0,0,0,0,0,0,0,1,2.973266203,0,0,10.857390724,8.2620767107,8.4660243758,21.864805491,10.66951928,0,2.2602798022,3
5.406994,906999,287,0,0,1,0,0,0,0,0,0,0,0,0,0,0,0,1,0,0,0,1,0,1,0,0,0,0,1,0,1,1,1,0,1,1,0,0,0,0,0,1,1,0.7194,3.6102271394,1,0.7194,1,7.3829576608,1,2.9446837949,1,3.0495934171,0,0,9.9476808172,9.3831420839,8.7083086013,23.755134442,11.830576137,2,5.7619720559,8
3.689648,1240210,262,0,1,0,0,0,0,0,0,0,0,0,0,1,0,0,0,0,0,0,1,1,1,1,0,0,0,1,0,1,0,1,0,1,1,0,0,0,0,1,1,0,0,0,0,0,0,3.3913998776,0,0,1,2.9949189991,0,0,10.228550361,8.5071086764,8.3609990245,18.427721333,11.096510538,1,3.103622687,7
3.880299,909754,1142,1,0,0,1,0,0,0,0,0,0,0,0,0,0,0,0,0,0,0,1,0,0,0,0,0,0,1,0,1,1,1,0,0,1,0,0,0,0,0,0,0,0.874992,3.482301125,2,1.249564,4,12.400271453,2,14.35521576,4,3.2239404416,0,0,10.807558704,8.9081237696,9.3022917015,24.001803288,16.699368639,2,3.9540000829,8
3.829425,909754,1219,1,0,0,0,0,1,0,1,0,0,0,0,0,0,0,0,0,0,0,1,0,0,0,0,0,0,1,0,1,0,0,0,0,1,0,0,0,0,0,0,0,0.874992,3.482301125,2,1.249564,4,12.400271453,2,14.35521576,4,3.2239404416,0,0,10.807558704,8.9081237696,9.3022917015,24.001803288,16.699368639,2,3.5193394403,7
6.560108,909754,291,0,1,0,0,0,0,0,1,0,0,0,1,1,0,0,0,0,0,0,1,0,0,1,0,0,0,1,1,0,0,0,0,0,0,0,0,0,0,0,1,0,0.874992,3.482301125,2,1.249564,4,12.400271453,2,14.35521576,4,3.2239404416,0,0,10.807558704,8.9081237696,9.3022917015,24.001803288,16.699368639,2,4.5064050118,5
4.119822,908127,329,0,0,0,0,0,0,0,1,0,0,0,0,0,0,0,0,0,1,0,1,0,0,0,0,0,0,1,0,0,1,1,0,1,0,0,0,0,0,0,0,0,0,0,1,1.27964,1,0,0,0,1,3.0421537126,0,0,10.037693787,8.9938650804,8.3185333971,19.139495065,12.828822864,0,3.5386615109,2
5.385267,1240215,257,0,0,0,0,1,0,0,0,0,0,0,0,0,0,0,0,1,0,0,1,1,0,0,0,0,1,1,0,1,0,1,0,1,1,0,0,0,0,0,1,0,0,0,0,0,0,6.5996007032,1,0,0,3.0662629843,4.8019166656,0,9.7897319206,9.5000439039,8.3461885734,18.613933282,12.102026295,0,4.7802962502,7
4.4746,909716,1194,1,0,0,0,0,0,1,0,0,0,0,0,0,0,0,0,0,0,0,1,0,1,1,0,0,0,1,0,1,0,0,0,0,0,0,0,0,0,0,1,0,0,0,1,0.635086,0,0,0,0,0,3.0394636924,0,0,10.003834798,9.1063448433,9.204390565,21.518247244,10.79405744,0,3.6515531074,8
2.094207,924248,152,0,0,0,0,0,0,1,1,0,0,0,0,0,0,0,1,0,0,0,1,0,0,0,0,0,0,1,0,1,0,0,0,0,0,1,1,0,0,0,1,0,0,0,0,0.770379,0,0,0,4.9079778596,0,2.9762225287,0,0,10.286534739,8.7162113922,8.7121246012,21.756550177,14.591372756,0,2.2852519911,6
3.326772,909759,230,0,0,0,0,0,0,0,1,0,0,0,0,0,0,0,0,0,1,1,1,0,0,1,1,0,0,1,0,0,1,0,0,0,0,1,0,0,0,0,0,0,0,0,0,0,0,0,0,0,0,3.0146730322,0,0,9.237139029,8.4702744104,7.4905298784,18.879786744,11.507563933,0,3.9799092319,4
2.819572,909756,249,0,0,0,0,0,0,1,1,0,0,0,0,0,0,0,1,0,0,0,1,0,1,0,0,0,0,1,0,0,0,0,0,0,0,0,0,0,0,0,0,1,0,0,0,0,0,0,0,0,0,2.8475138,0,0,9.933029521,9.3930114186,8.4369559448,20.367287435,12.196426895,0,3.4041649554,9
2.044859,909716,282,0,0,0,0,1,0,0,1,0,0,0,1,0,0,0,0,0,0,0,1,0,1,1,0,0,0,1,1,0,0,1,0,1,0,0,0,0,0,0,0,0,0,0,1,0.635086,0,0,0,0,0,3.0394636924,0,0,10.003834798,9.1063448433,9.204390565,21.518247244,10.79405744,0,2.4078915356,8
2.367084,1240210,235,0,0,0,0,0,0,0,1,0,0,0,0,0,0,1,0,1,0,1,1,1,0,1,0,0,0,1,0,0,0,1,0,0,1,1,0,0,0,0,0,0,0,0,0,0,0,3.3913998776,0,0,1,2.9949189991,0,0,10.228550361,8.5071086764,8.3609990245,18.427721333,11.096510538,1,0.8774284885,6
4.757927,971774,1039,1,0,0,0,0,0,0,0,0,1,0,0,0,0,0,0,0,0,0,1,0,1,1,0,0,1,1,0,0,0,1,0,0,0,0,0,0,1,1,0,1,0.807544,3.165283691,0,0.726215,1,3.4190544056,1,4.2084771202,1,3.0918643898,0,0,11.706620878,9.1123914875,8.9001265462,18.080785351,12.757518026,0,5.6560446549,4
2.461752,906999,306,0,0,0,0,0,0,0,0,0,0,0,0,0,0,0,1,0,0,0,0,0,0,0,0,0,0,1,0,1,0,0,0,1,0,0,0,1,0,0,0,0,0.7194,3.6102271394,1,0.7194,1,7.3829576608,1,2.9446837949,1,3.0495934171,0,0,9.9476808172,9.3831420839,8.7083086013,23.755134442,11.830576137,2,2.9703302283,4
6.67835,909754,177,0,0,0,0,0,0,0,0,0,0,1,0,0,0,1,0,0,1,1,1,0,1,1,0,0,0,1,0,1,0,1,0,0,0,0,0,0,0,1,0,0,0.874992,3.482301125,2,1.249564,4,12.400271453,2,14.35521576,4,3.2239404416,0,0,10.807558704,8.9081237696,9.3022917015,24.001803288,16.699368639,2,5.0753959709,1
1.160452,924248,226,0,0,0,0,0,0,0,0,0,0,0,0,0,0,1,0,1,0,1,1,0,0,1,0,0,0,1,0,1,0,0,0,0,1,1,0,0,0,0,0,0,0,0,0,0.770379,0,0,0,4.9079778596,0,2.9762225287,0,0,10.286534739,8.7162113922,8.7121246012,21.756550177,14.591372756,0,2.4044486208,10
4.965068,907298,288,0,0,0,0,0,0,1,1,0,0,0,0,0,0,0,1,0,0,0,1,0,0,0,0,0,0,1,0,1,0,0,0,0,0,0,0,0,0,1,0,0,0,0,0,0,0,0,0,0,0,2.976818149,0,0,11.151804899,8.4640050836,8.4112568406,19.341029083,9.6827849299,0,4.277872396,2
4.653987,906999,302,0,0,0,0,0,0,0,0,0,0,0,0,0,0,0,0,0,0,0,1,0,0,0,0,0,0,1,0,1,1,1,0,1,1,0,0,0,0,1,0,0,0.7194,3.6102271394,1,0.7194,1,7.3829576608,1,2.9446837949,1,3.0495934171,0,0,9.9476808172,9.3831420839,8.7083086013,23.755134442,11.830576137,2,4.4139047662,4
-2.53371,1240215,1022,1,0,0,0,0,0,0,0,0,0,0,0,0,0,0,0,0,0,0,1,0,0,1,0,0,0,1,0,1,1,0,0,0,1,0,0,1,0,0,1,0,0,0,0,0,0,6.5996007032,1,0,0,3.0662629843,0,0,9.7897319206,9.5000439039,8.3461885734,18.613933282,12.102026295,0,-1.290511163,1
0.389347,1240166,1372,1,0,0,0,0,0,0,0,0,0,0,0,0,0,0,0,0,0,0,0,0,0,0,1,0,0,1,0,1,1,0,0,0,1,0,0,0,0,0,0,0,0,0,0,0,1,0,0,2.7966849473,0,3.0238717604,0,0,11.482168397,10.167713696,8.8557395336,20.400662619,11.724299341,0,0.2269046689,5
4.532135,924248,253,0,0,0,0,1,0,0,0,0,0,0,0,0,0,0,0,0,0,0,1,0,0,0,0,0,0,1,0,1,1,0,1,1,0,0,0,0,0,0,1,0,0,0,0,0.770379,0,0,0,4.9079778596,0,2.9762225287,0,0,10.286534739,8.7162113922,8.7121246012,21.756550177,14.591372756,0,4.7533489937,4
1.123497,971773,287,0,0,1,0,0,0,0,0,0,0,0,0,0,0,0,1,0,0,0,1,0,1,0,0,0,0,1,0,1,1,1,0,1,1,0,0,0,0,0,1,1,0,0,0,0,0,0,0,0,0,2.9223297099,0,0,8.8816005533,8.4627762221,8.5256898879,18.752996197,9.9208505412,0,2.2758092611,4
2.867211,909732,5,0,0,0,0,0,0,0,1,0,0,0,0,0,0,0,0,0,0,1,1,0,0,0,0,0,0,1,0,0,1,1,0,0,1,0,0,0,0,0,1,0,0,0,0,0,0,0,0,0,1,2.973266203,0,0,10.857390724,8.2620767107,8.4660243758,21.864805491,10.66951928,0,2.8991067303,1
2.951037,910784,329,0,0,0,0,0,0,0,1,0,0,0,0,0,0,0,0,0,1,0,1,0,0,0,0,0,0,1,0,0,1,1,0,1,0,0,0,0,0,0,0,0,0,0,0,0,0,3.1694195397,0,0,0,2.7731873637,0,0,9.4480264448,8.1521646816,8.3427107252,19.196949072,9.0332286474,0,3.5385017784,9
4.770877,909264,290,0,0,0,0,0,0,0,0,0,0,0,0,0,0,0,0,0,0,0,1,0,0,0,0,0,0,0,1,0,1,1,0,0,0,0,0,0,0,0,0,0,0,0,0,0,0,0,0,0,1,2.8489562007,0,0,10.179938953,8.755480529,8.5485372513,19.138951582,10.853599749,0,4.2858568544,4
1.115908,909720,1038,1,0,0,0,0,0,0,0,1,1,0,0,0,0,1,0,0,0,1,1,0,1,1,0,0,0,1,0,0,1,1,0,1,1,0,0,0,1,0,0,1,0,0,0,0,0,0,0,0,0,3.0099116771,0,0,9.0894024505,8.2986888893,8.1706134297,17.631371436,12.114078001,0,1.2938847199,2
2.137449,909264,260,0,0,0,0,0,0,0,0,0,1,1,0,0,0,0,0,1,1,1,1,0,1,0,0,0,1,1,0,1,0,1,0,0,0,0,0,0,0,0,1,0,0,0,0,0,0,0,0,0,1,2.8489562007,0,0,10.179938953,8.755480529,8.5485372513,19.138951582,10.853599749,0,2.6318413779,4
5.362002,909754,30,0,0,0,0,0,0,0,0,0,0,0,0,0,0,0,1,0,0,0,1,0,0,0,0,0,1,1,0,1,0,1,0,0,1,0,0,0,0,0,1,0,0.874992,3.482301125,2,1.249564,4,12.400271453,2,14.35521576,4,3.2239404416,0,0,10.807558704,8.9081237696,9.3022917015,24.001803288,16.699368639,2,6.2320937552,6
2.703987,924248,159,0,0,0,0,0,0,0,0,0,0,1,0,0,0,1,0,1,1,1,1,0,0,1,0,0,0,1,0,1,0,1,0,0,0,0,0,0,0,0,1,0,0,0,0,0.770379,0,0,0,4.9079778596,0,2.9762225287,0,0,10.286534739,8.7162113922,8.7121246012,21.756550177,14.591372756,0,0.8497269188,9
4.676726,1240215,262,0,1,0,0,0,0,0,0,0,0,0,0,1,0,0,0,0,0,0,1,1,1,1,0,0,0,1,0,1,0,1,0,1,1,0,0,0,0,1,1,0,0,0,0,0,0,6.5996007032,1,0,0,3.0662629843,0,0,9.7897319206,9.5000439039,8.3461885734,18.613933282,12.102026295,0,3.0721937437,3
2.37374,907298,306,0,0,0,0,0,0,0,0,0,0,0,0,0,0,0,1,0,0,0,0,0,0,0,0,0,0,1,0,1,0,0,0,1,0,0,0,1,0,0,0,0,0,0,0,0,0,0,0,0,0,2.976818149,0,0,11.151804899,8.4640050836,8.4112568406,19.341029083,9.6827849299,0,1.9207325245,5
4.112231,909759,253,0,0,0,0,1,0,0,0,0,0,0,0,0,0,0,0,0,0,0,1,0,0,0,0,0,0,1,0,1,1,0,1,1,0,0,0,0,0,0,1,0,0,0,0,0,0,0,0,0,0,3.0146730322,0,0,9.237139029,8.4702744104,7.4905298784,18.879786744,11.507563933,0,6.3278272822,1
5.47415,924248,229,0,0,0,0,0,0,0,1,0,0,0,0,0,0,0,0,0,0,1,1,1,0,1,0,0,0,1,0,0,0,0,0,0,0,0,0,0,0,0,1,0,0,0,0,0.770379,0,0,0,4.9079778596,0,2.9762225287,0,0,10.286534739,8.7162113922,8.7121246012,21.756550177,14.591372756,0,5.0415013221,6
1.993976,925343,1037,1,0,0,0,0,0,0,0,0,0,0,0,0,0,0,0,0,0,0,0,0,0,0,0,0,0,1,0,1,0,1,0,0,1,0,0,0,0,0,0,0,0,0,0,0,1,0,0,0,1,2.9962981835,0,0,10.189126272,8.8162974431,8.2373848904,18.579263139,13.013508287,0,0.529743464,6
3.54415,925343,152,0,0,0,0,0,0,1,1,0,0,0,0,0,0,0,1,0,0,0,1,0,0,0,0,0,0,1,0,1,0,0,0,0,0,1,1,0,0,0,1,0,0,0,0,0,1,0,0,0,1,2.9962981835,0,0,10.189126272,8.8162974431,8.2373848904,18.579263139,13.013508287,0,1.4435180628,10
3.203807,971774,1013,1,0,0,0,0,0,0,1,0,0,0,0,0,0,0,0,0,1,0,1,0,0,0,0,0,0,1,0,1,0,1,0,0,0,0,0,0,0,0,1,0,0.807544,3.165283691,0,0.726215,1,3.4190544056,1,4.2084771202,1,3.0918643898,0,0,11.706620878,9.1123914875,8.9001265462,18.080785351,12.757518026,0,3.264416048,6
-1.828477,909716,1057,1,0,0,0,0,0,0,1,0,0,0,0,0,0,1,0,1,0,1,1,0,0,1,0,0,0,1,1,1,0,0,0,0,1,0,0,0,0,0,1,0,0,0,1,0.635086,0,0,0,0,0,3.0394636924,0,0,10.003834798,9.1063448433,9.204390565,21.518247244,10.79405744,0,-1.722281397,3
4.157245,909264,326,0,0,0,0,0,0,0,0,0,0,0,0,0,0,0,0,0,0,0,0,0,0,0,0,0,0,1,0,1,0,0,0,1,0,0,0,0,0,0,1,0,0,0,0,0,0,0,0,0,1,2.8489562007,0,0,10.179938953,8.755480529,8.5485372513,19.138951582,10.853599749,0,3.6938862721,8
3.738534,907298,293,0,0,0,0,0,0,1,0,0,1,0,0,0,0,0,0,0,0,0,1,0,1,0,0,0,0,1,0,1,1,1,0,1,0,0,0,0,0,0,1,0,0,0,0,0,0,0,0,0,0,2.976818149,0,0,11.151804899,8.4640050836,8.4112568406,19.341029083,9.6827849299,0,3.3381767282,9
2.454412,909720,301,0,0,0,0,0,0,0,0,0,0,0,0,0,0,0,0,0,0,0,1,0,0,0,0,0,0,0,0,0,0,0,0,0,1,1,1,0,0,0,1,0,0,0,0,0,0,0,0,0,0,3.0099116771,0,0,9.0894024505,8.2986888893,8.1706134297,17.631371436,12.114078001,0,2.6368374713,10
-0.501622,906999,153,0,0,1,0,0,0,0,1,0,0,1,0,0,0,1,0,1,1,1,1,1,0,1,0,0,0,1,0,0,0,1,0,1,1,0,0,0,0,0,1,0,0.7194,3.6102271394,1,0.7194,1,7.3829576608,1,2.9446837949,1,3.0495934171,0,0,9.9476808172,9.3831420839,8.7083086013,23.755134442,11.830576137,2,-0.515695846,4
-4.262633,910784,155,0,0,0,0,0,0,0,0,0,0,1,0,0,0,1,0,1,1,1,1,0,0,1,0,0,0,1,0,1,0,1,0,0,0,1,0,0,0,0,1,0,0,0,0,0,0,3.1694195397,0,0,0,2.7731873637,0,0,9.4480264448,8.1521646816,8.3427107252,19.196949072,9.0332286474,0,-1.437476494,1
4.275983,925343,1061,1,0,0,0,0,0,0,0,0,0,0,0,0,0,0,0,0,0,0,1,0,0,0,0,0,0,1,0,1,0,0,0,1,0,0,0,0,0,0,1,0,0,0,0,0,1,0,0,0,1,2.9962981835,0,0,10.189126272,8.8162974431,8.2373848904,18.579263139,13.013508287,0,4.02000323,5
5.28934,925343,1039,1,0,0,0,0,0,0,0,0,1,0,0,0,0,0,0,0,0,0,1,0,1,1,0,0,1,1,0,0,0,1,0,0,0,0,0,0,1,1,0,1,0,0,0,0,1,0,0,0,1,2.9962981835,0,0,10.189126272,8.8162974431,8.2373848904,18.579263139,13.013508287,0,5.2872460215,8
4.116874,971773,1042,1,0,0,0,0,0,0,1,0,1,1,0,0,0,0,1,1,0,1,1,0,1,0,0,0,0,1,0,1,0,0,0,1,0,1,1,0,0,0,0,0,0,0,0,0,0,0,0,0,0,2.9223297099,0,-3,8.8816005533,8.4627762221,8.5256898879,18.752996197,9.9208505412,0,3.9907104938,3
2.648926,909716,199,0,0,0,0,0,0,0,1,1,0,0,0,0,0,0,0,1,0,0,1,0,0,0,0,0,0,1,0,1,0,0,0,0,0,1,0,1,0,0,0,0,0,0,1,0.635086,0,0,0,0,0,3.0394636924,0,0,10.003834798,9.1063448433,9.204390565,21.518247244,10.79405744,0,1.9602095628,4
2.588491,924248,202,0,0,0,0,1,0,0,1,0,1,0,0,0,0,1,0,0,0,0,1,1,1,1,0,0,0,1,0,1,0,1,0,1,0,0,0,0,1,0,1,0,0,0,0,0.770379,0,0,0,4.9079778596,0,2.9762225287,0,0,10.286534739,8.7162113922,8.7121246012,21.756550177,14.591372756,0,1.3103912468,8
2.23457,909756,34,0,0,0,0,0,0,0,1,0,0,0,0,0,0,0,0,1,1,0,1,0,0,0,0,0,0,1,0,1,0,1,0,0,0,0,0,0,0,0,1,0,0,0,0,0,0,0,0,0,0,2.8475138,0,0,9.933029521,9.3930114186,8.4369559448,20.367287435,12.196426895,0,2.5839697739,2
2.628961,909732,1028,1,0,0,0,0,0,0,0,0,0,0,0,0,0,0,0,0,0,0,1,0,0,1,0,0,0,1,0,1,1,1,0,0,0,0,0,0,0,0,0,0,0,0,0,0,0,0,0,0,1,2.973266203,0,0,10.857390724,8.2620767107,8.4660243758,21.864805491,10.66951928,0,2.6349396938,5
0.679913,1240210,1242,1,0,0,0,0,0,0,0,0,1,1,0,0,0,0,0,0,0,1,1,0,1,0,0,0,0,1,0,0,0,1,0,0,0,0,0,0,1,1,0,0,0,0,0,0,0,3.3913998776,0,0,1,2.9949189991,0,0,10.228550361,8.5071086764,8.3609990245,18.427721333,11.096510538,1,0.4668164797,6
3.125958,924248,91,0,0,1,0,0,0,1,0,1,0,0,0,0,0,0,1,0,0,0,1,0,1,0,0,0,0,1,1,1,0,0,0,0,0,0,0,0,0,0,1,0,0,0,0,0.770379,0,0,0,4.9079778596,0,2.9762225287,0,0,10.286534739,8.7162113922,8.7121246012,21.756550177,14.591372756,0,3.1829433993,3
2.923145,910784,305,0,0,0,0,0,0,0,0,0,0,0,0,0,0,0,0,0,0,0,1,0,0,1,0,0,0,1,0,1,1,1,0,0,0,0,0,0,0,0,0,0,0,0,0,0,0,3.1694195397,0,0,0,2.7731873637,0,0,9.4480264448,8.1521646816,8.3427107252,19.196949072,9.0332286474,0,2.3785736846,8
2.056448,971773,330,0,0,0,0,0,0,0,1,0,0,0,0,0,0,1,0,0,1,1,1,0,0,1,0,0,0,1,0,0,0,1,0,0,1,1,1,0,0,0,0,0,0,0,0,0,0,0,0,0,0,2.9223297099,0,0,8.8816005533,8.4627762221,8.5256898879,18.752996197,9.9208505412,0,2.0737948914,3
-0.722472,924248,277,0,0,0,0,0,0,0,1,0,0,1,0,0,0,0,0,1,0,1,1,0,0,1,0,0,0,1,0,1,0,0,0,0,0,1,1,0,0,0,0,0,0,0,0,0.770379,0,0,0,4.9079778596,0,2.9762225287,0,0,10.286534739,8.7162113922,8.7121246012,21.756550177,14.591372756,0,0.7298763601,2
1.628286,924248,55,0,0,0,0,1,0,0,1,0,0,0,0,0,0,0,0,1,0,0,1,1,1,1,0,0,0,1,0,1,0,1,0,1,1,1,0,0,0,0,1,0,0,0,0,0.770379,0,0,0,4.9079778596,0,2.9762225287,0,0,10.286534739,8.7162113922,8.7121246012,21.756550177,14.591372756,0,2.1522649572,3
4.483627,925343,1043,1,0,0,0,0,0,0,0,0,1,0,0,0,0,0,0,0,0,0,1,0,1,0,0,0,1,1,1,1,0,0,0,0,0,0,0,0,0,0,0,0,0,0,0,0,1,0,0,0,1,2.9962981835,0,0,10.189126272,8.8162974431,8.2373848904,18.579263139,13.013508287,0,3.3557565637,9
6.063596,909754,326,0,0,0,0,0,0,0,0,0,0,0,0,0,0,0,0,0,0,0,0,0,0,0,0,0,0,1,0,1,0,0,0,1,0,0,0,0,0,0,1,0,0.874992,3.482301125,2,1.249564,4,12.400271453,2,14.35521576,4,3.2239404416,0,0,10.807558704,8.9081237696,9.3022917015,24.001803288,16.699368639,2,4.283470033,7
5.822503,909754,330,0,0,0,0,0,0,0,1,0,0,0,0,0,0,1,0,0,1,1,1,0,0,1,0,0,0,1,0,0,0,1,0,0,1,1,1,0,0,0,0,0,0.874992,3.482301125,2,1.249564,4,12.400271453,2,14.35521576,4,3.2239404416,0,0,10.807558704,8.9081237696,9.3022917015,24.001803288,16.699368639,2,5.2899789295,6
2.34426,909264,199,0,0,0,0,0,0,0,1,1,0,0,0,0,0,0,0,1,0,0,1,0,0,0,0,0,0,1,0,1,0,0,0,0,0,1,0,1,0,0,0,0,0,0,0,0,0,0,0,0,1,2.8489562007,0,0,10.179938953,8.755480529,8.5485372513,19.138951582,10.853599749,0,2.8994888478,2
4.389784,1240166,294,0,0,0,1,1,0,0,0,0,0,0,0,0,0,0,0,0,0,0,1,0,0,0,0,0,0,1,0,1,0,0,0,1,0,0,0,0,0,1,0,0,0,0,0,0,1,0,0,2.7966849473,0,3.0238717604,0,0,11.482168397,10.167713696,8.8557395336,20.400662619,11.724299341,0,4.0953869017,5
0.915207,909716,306,0,0,0,0,0,0,0,0,0,0,0,0,0,0,0,1,0,0,0,0,0,0,0,0,0,0,1,0,1,0,0,0,1,0,0,0,1,0,0,0,0,0,0,1,0.635086,0,0,0,0,0,3.0394636924,0,0,10.003834798,9.1063448433,9.204390565,21.518247244,10.79405744,0,1.2262399083,6
-1.768292,910784,159,0,0,0,0,0,0,0,0,0,0,1,0,0,0,1,0,1,1,1,1,0,0,1,0,0,0,1,0,1,0,1,0,0,0,0,0,0,0,0,1,0,0,0,0,0,0,3.1694195397,0,0,0,2.7731873637,0,0,9.4480264448,8.1521646816,8.3427107252,19.196949072,9.0332286474,0,-1.390582297,6
5.248262,925343,309,0,0,0,0,0,0,0,0,0,0,0,0,0,0,0,0,0,1,0,1,0,0,1,0,0,0,1,0,1,0,1,0,0,0,0,0,0,0,0,0,0,0,0,0,0,1,0,0,0,1,2.9962981835,0,0,10.189126272,8.8162974431,8.2373848904,18.579263139,13.013508287,0,4.7365936401,2
2.98204,909759,292,0,0,0,0,0,0,0,1,0,0,0,0,0,0,0,0,1,1,0,1,0,0,0,0,0,0,1,0,1,0,1,0,0,0,0,0,0,0,0,1,0,0,0,0,0,0,0,0,0,0,3.0146730322,0,0,9.237139029,8.4702744104,7.4905298784,18.879786744,11.507563933,0,2.5634139915,5
3.0939813419,1240210,1032,1,0,0,0,1,0,0,1,0,0,0,1,0,0,0,0,0,0,0,1,0,0,0,0,0,0,1,0,1,0,1,0,1,0,0,0,0,0,0,0,0,0,0,0,0,0,3.3913998776,0,0,1,2.9949189991,0,0,10.228550361,8.5071086764,8.3609990245,18.427721333,11.096510538,1,3.6027328027,1
0.692905,907298,158,0,0,0,0,0,0,0,1,0,0,0,0,0,0,0,0,0,0,0,1,1,0,0,0,0,0,1,0,1,0,0,0,0,0,0,0,0,0,0,0,0,0,0,0,0,0,0,0,0,0,2.976818149,0,0,11.151804899,8.4640050836,8.4112568406,19.341029083,9.6827849299,0,0.246093718,7
5.005885,906999,177,0,0,0,0,0,0,0,0,0,0,1,0,0,0,1,0,0,1,1,1,0,1,1,0,0,0,1,0,1,0,1,0,0,0,0,0,0,0,1,0,0,0.7194,3.6102271394,1,0.7194,1,7.3829576608,1,2.9446837949,1,3.0495934171,0,0,9.9476808172,9.3831420839,8.7083086013,23.755134442,11.830576137,2,4.6747485115,8
2.785515,909720,1158,1,0,0,0,1,0,0,0,0,0,0,0,0,0,0,0,1,0,0,1,1,0,0,0,0,1,1,0,1,0,1,0,1,1,0,0,0,0,0,1,0,0,0,0,0,0,0,0,0,0,3.0099116771,0,0,9.0894024505,8.2986888893,8.1706134297,17.631371436,12.114078001,0,2.3440749314,10
2.641117,909759,257,0,0,0,0,1,0,0,0,0,0,0,0,0,0,0,0,1,0,0,1,1,0,0,0,0,1,1,0,1,0,1,0,1,1,0,0,0,0,0,1,0,0,0,0,0,0,0,0,0,0,3.0146730322,0,0,9.237139029,8.4702744104,7.4905298784,18.879786744,11.507563933,0,0.9688620642,3
1.168449,971773,152,0,0,0,0,0,0,1,1,0,0,0,0,0,0,0,1,0,0,0,1,0,0,0,0,0,0,1,0,1,0,0,0,0,0,1,1,0,0,0,1,0,0,0,0,0,0,0,0,0,0,2.9223297099,0,0,8.8816005533,8.4627762221,8.5256898879,18.752996197,9.9208505412,0,1.5156481855,1
-0.273703,909754,283,0,0,0,0,0,0,0,1,0,0,0,0,0,0,1,0,1,0,1,1,0,1,1,0,0,0,1,0,0,0,0,0,0,0,1,0,0,0,0,1,0,0.874992,3.482301125,2,1.249564,4,12.400271453,2,14.35521576,4,3.2239404416,0,0,10.807558704,8.9081237696,9.3022917015,24.001803288,16.699368639,2,0.9751264717,9
-0.867908,906999,159,0,0,0,0,0,0,0,0,0,0,1,0,0,0,1,0,1,1,1,1,0,0,1,0,0,0,1,0,1,0,1,0,0,0,0,0,0,0,0,1,0,0.7194,3.6102271394,1,0.7194,1,7.3829576608,1,2.9446837949,1,3.0495934171,0,0,9.9476808172,9.3831420839,8.7083086013,23.755134442,11.830576137,2,-0.610279341,4
2.576847,971773,106,0,0,0,0,1,0,0,1,0,0,0,0,0,0,0,0,0,0,0,1,0,0,0,0,0,0,1,0,1,1,1,0,1,1,0,0,0,0,0,1,0,0,0,0,0,0,0,0,0,0,2.9223297099,0,0,8.8816005533,8.4627762221,8.5256898879,18.752996197,9.9208505412,0,2.2764725924,9
5.287212,971774,1025,1,0,0,0,0,0,0,1,0,0,0,0,0,0,0,0,0,0,1,1,1,0,1,0,0,0,1,0,0,0,0,0,0,0,0,0,0,0,0,0,0,0.807544,3.165283691,0,0.726215,1,3.4190544056,1,4.2084771202,1,3.0918643898,0,0,11.706620878,9.1123914875,8.9001265462,18.080785351,12.757518026,0,5.074536806,4
3.261548,1240166,293,0,0,0,0,0,0,1,0,0,1,0,0,0,0,0,0,0,0,0,1,0,1,0,0,0,0,1,0,1,1,1,0,1,0,0,0,0,0,0,1,0,0,0,0,0,1,0,0,2.7966849473,0,3.0238717604,0,0,11.482168397,10.167713696,8.8557395336,20.400662619,11.724299341,0,3.3235662525,2
-1.536376,909759,158,0,0,0,0,0,0,0,1,0,0,0,0,0,0,0,0,0,0,0,1,1,0,0,0,0,0,1,0,1,0,0,0,0,0,0,0,0,0,0,0,0,0,0,0,0,0,0,0,0,0,3.0146730322,0,0,9.237139029,8.4702744104,7.4905298784,18.879786744,11.507563933,0,-0.019010755,2
0.994683,971773,1242,1,0,0,0,0,0,0,0,0,1,1,0,0,0,0,0,0,0,1,1,0,1,0,0,0,0,1,0,0,0,1,0,0,0,0,0,0,1,1,0,0,0,0,0,0,0,0,0,0,0,2.9223297099,0,-3,8.8816005533,8.4627762221,8.5256898879,18.752996197,9.9208505412,0,1.3365086328,3
0.324327,909754,1372,1,0,0,0,0,0,0,0,0,0,0,0,0,0,0,0,0,0,0,0,0,0,0,1,0,0,1,0,1,1,0,0,0,1,0,0,0,0,0,0,0,0.874992,3.482301125,2,1.249564,4,12.400271453,2,14.35521576,4,3.2239404416,0,0,10.807558704,8.9081237696,9.3022917015,24.001803288,16.699368639,2,2.1577196283,5
-1.729119,909720,302,0,0,0,0,0,0,0,0,0,0,0,0,0,0,0,0,0,0,0,1,0,0,0,0,0,0,1,0,1,1,1,0,1,1,0,0,0,0,1,0,0,0,0,0,0,0,0,0,0,0,3.0099116771,0,0,9.0894024505,8.2986888893,8.1706134297,17.631371436,12.114078001,0,0.1598540579,3
5.007871,907298,345,0,0,0,0,0,0,0,1,0,0,1,0,0,0,0,0,1,0,1,1,0,0,0,0,1,0,1,0,1,0,1,0,0,0,0,0,0,0,0,0,0,0,0,0,0,0,0,0,0,0,2.976818149,0,0,11.151804899,8.4640050836,8.4112568406,19.341029083,9.6827849299,0,4.3167159131,4
0.29325,910784,295,0,0,0,0,0,0,0,1,0,0,0,0,0,0,0,0,0,1,0,1,0,0,0,0,0,0,1,0,1,0,1,0,0,0,1,0,0,0,0,0,0,0,0,0,0,0,3.1694195397,0,0,0,2.7731873637,0,0,9.4480264448,8.1521646816,8.3427107252,19.196949072,9.0332286474,0,0.2129752283,4
-2.295425,907298,312,0,1,0,0,0,0,1,1,0,0,0,0,0,0,0,1,0,0,0,1,0,1,0,0,0,0,1,0,1,1,0,0,0,0,0,0,0,0,0,0,0,0,0,0,0,0,0,0,0,0,2.976818149,0,0,11.151804899,8.4640050836,8.4112568406,19.341029083,9.6827849299,0,-1.079623608,6
5.111462,906999,193,0,0,0,0,0,0,1,0,0,0,0,0,0,0,0,0,0,0,0,1,0,1,1,0,0,0,1,0,1,0,0,0,0,0,0,0,0,0,0,0,0,0.7194,3.6102271394,1,0.7194,1,7.3829576608,1,2.9446837949,1,3.0495934171,0,0,9.9476808172,9.3831420839,8.7083086013,23.755134442,11.830576137,2,4.581828414,3
1.780765,910784,1373,1,0,0,0,0,0,0,0,0,0,0,0,0,0,0,0,0,0,0,1,0,0,1,0,0,0,1,0,1,0,0,0,0,0,0,0,0,0,0,0,0,0,0,0,0,0,3.1694195397,0,0,0,2.7731873637,0,0,9.4480264448,8.1521646816,8.3427107252,19.196949072,9.0332286474,0,0.9714834964,9
3.571682,925343,1013,1,0,0,0,0,0,0,1,0,0,0,0,0,0,0,0,0,1,0,1,0,0,0,0,0,0,1,0,1,0,1,0,0,0,0,0,0,0,0,1,0,0,0,0,0,1,0,0,0,1,2.9962981835,0,0,10.189126272,8.8162974431,8.2373848904,18.579263139,13.013508287,0,2.7684484653,8
-0.031225,925343,55,0,0,0,0,1,0,0,1,0,0,0,0,0,0,0,0,1,0,0,1,1,1,1,0,0,0,1,0,1,0,1,0,1,1,1,0,0,0,0,1,0,0,0,0,0,1,0,0,0,1,2.9962981835,0,0,10.189126272,8.8162974431,8.2373848904,18.579263139,13.013508287,0,0.0092122833,6
3.805916,906999,331,0,0,0,0,0,0,0,1,0,0,0,0,0,0,1,0,1,0,1,1,1,0,1,0,0,0,1,0,0,0,1,0,0,0,1,0,0,0,0,0,0,0.7194,3.6102271394,1,0.7194,1,7.3829576608,1,2.9446837949,1,3.0495934171,0,0,9.9476808172,9.3831420839,8.7083086013,23.755134442,11.830576137,2,2.4943799715,1
3.300122,909720,221,0,0,0,0,0,0,0,0,0,0,0,0,0,0,1,0,0,0,0,1,0,0,1,0,0,0,1,0,1,0,1,0,0,0,0,0,0,0,0,0,0,0,0,0,0,0,0,0,0,0,3.0099116771,0,0,9.0894024505,8.2986888893,8.1706134297,17.631371436,12.114078001,0,4.4408812767,1
3.205404,908127,302,0,0,0,0,0,0,0,0,0,0,0,0,0,0,0,0,0,0,0,1,0,0,0,0,0,0,1,0,1,1,1,0,1,1,0,0,0,0,1,0,0,0,0,1,1.27964,1,0,0,0,1,3.0421537126,0,0,10.037693787,8.9938650804,8.3185333971,19.139495065,12.828822864,0,0.9640214574,1
-1.814771,910784,199,0,0,0,0,0,0,0,1,1,0,0,0,0,0,0,0,1,0,0,1,0,0,0,0,0,0,1,0,1,0,0,0,0,0,1,0,1,0,0,0,0,0,0,0,0,0,3.1694195397,0,0,0,2.7731873637,0,0,9.4480264448,8.1521646816,8.3427107252,19.196949072,9.0332286474,0,-1.021380055,7
2.2929,909756,254,0,0,0,1,0,0,0,0,0,0,0,0,0,0,0,1,1,0,0,1,0,0,0,0,0,0,1,0,1,1,0,0,1,0,0,0,0,0,0,1,0,0,0,0,0,0,0,0,0,0,2.8475138,0,0,9.933029521,9.3930114186,8.4369559448,20.367287435,12.196426895,0,2.1425482461,9
-3.835119,909264,283,0,0,0,0,0,0,0,1,0,0,0,0,0,0,1,0,1,0,1,1,0,1,1,0,0,0,1,0,0,0,0,0,0,0,1,0,0,0,0,1,0,0,0,0,0,0,0,0,0,1,2.8489562007,0,0,10.179938953,8.755480529,8.5485372513,19.138951582,10.853599749,0,-3.318088224,10
3.623651,1299061,1028,1,0,0,0,0,0,0,0,0,0,0,0,0,0,0,0,0,0,0,1,0,0,1,0,0,0,1,0,1,1,1,0,0,0,0,0,0,0,0,0,0,0,0,0,0,0,5.924603939,0,0,0,3.181275322,0,0,11.527623475,8.7989567731,8.2649243614,19.027614517,10.63934132,0,3.9200559652,5
1.614298,909720,55,0,0,0,0,1,0,0,1,0,0,0,0,0,0,0,0,1,0,0,1,1,1,1,0,0,0,1,0,1,0,1,0,1,1,1,0,0,0,0,1,0,0,0,0,0,0,0,0,0,0,3.0099116771,0,0,9.0894024505,8.2986888893,8.1706134297,17.631371436,12.114078001,0,0.8722917145,5
3.542909,909716,177,0,0,0,0,0,0,0,0,0,0,1,0,0,0,1,0,0,1,1,1,0,1,1,0,0,0,1,0,1,0,1,0,0,0,0,0,0,0,1,0,0,0,0,1,0.635086,0,0,0,0,0,3.0394636924,0,0,10.003834798,9.1063448433,9.204390565,21.518247244,10.79405744,0,3.6220216295,4
-0.992556,1240166,157,0,0,0,0,0,0,0,0,0,0,0,0,0,0,0,0,0,0,0,1,0,0,0,0,0,0,1,0,1,0,0,0,1,0,0,0,0,0,0,0,0,0,0,0,0,1,0,0,2.7966849473,0,3.0238717604,0,0,11.482168397,10.167713696,8.8557395336,20.400662619,11.724299341,0,-0.410726373,7
1.548038,909716,1037,1,0,0,0,0,0,0,0,0,0,0,0,0,0,0,0,0,0,0,0,0,0,0,0,0,0,1,0,1,0,1,0,0,1,0,0,0,0,0,0,0,0,0,1,0.635086,0,0,0,0,0,3.0394636924,0,0,10.003834798,9.1063448433,9.204390565,21.518247244,10.79405744,0,0.8249143174,9
4.792094,907298,281,0,0,0,0,0,0,0,1,0,0,1,0,0,0,1,0,1,1,1,1,1,0,1,0,0,0,1,1,0,1,1,0,1,0,0,0,0,0,0,0,0,0,0,0,0,0,0,0,0,0,2.976818149,0,0,11.151804899,8.4640050836,8.4112568406,19.341029083,9.6827849299,0,4.1383174204,10
2.654798,909759,1028,1,0,0,0,0,0,0,0,0,0,0,0,0,0,0,0,0,0,0,1,0,0,1,0,0,0,1,0,1,1,1,0,0,0,0,0,0,0,0,0,0,0,0,0,0,0,0,0,0,0,3.0146730322,0,0,9.237139029,8.4702744104,7.4905298784,18.879786744,11.507563933,0,2.3196653584,7
1.895842,1240210,167,0,0,0,0,0,0,0,0,0,0,1,0,0,0,1,0,0,1,1,1,0,0,1,0,0,0,1,0,0,0,0,0,0,0,1,0,0,0,0,1,0,0,0,0,0,0,3.3913998776,0,0,1,2.9949189991,0,0,10.228550361,8.5071086764,8.3609990245,18.427721333,11.096510538,1,2.2839018438,10
0.207543,907298,184,0,0,0,0,0,0,0,0,0,0,0,0,0,0,0,0,0,0,0,0,0,0,0,0,0,0,1,0,1,0,0,0,0,0,1,1,0,0,0,1,0,0,0,0,0,0,0,0,0,0,2.976818149,0,0,11.151804899,8.4640050836,8.4112568406,19.341029083,9.6827849299,0,-1.073555873,8
1.073357,971773,249,0,0,0,0,0,0,1,1,0,0,0,0,0,0,0,1,0,0,0,1,0,1,0,0,0,0,1,0,0,0,0,0,0,0,0,0,0,0,0,0,1,0,0,0,0,0,0,0,0,0,2.9223297099,0,0,8.8816005533,8.4627762221,8.5256898879,18.752996197,9.9208505412,0,4.1232395009,9
-0.349744,909264,308,0,0,0,0,0,0,1,1,0,0,0,0,0,0,0,1,0,0,0,1,0,1,0,0,0,0,1,0,0,0,0,0,1,0,0,0,0,0,0,0,1,0,0,0,0,0,0,0,0,1,2.8489562007,0,0,10.179938953,8.755480529,8.5485372513,19.138951582,10.853599749,0,0.6677040827,10
5.40728,910784,253,0,0,0,0,1,0,0,0,0,0,0,0,0,0,0,0,0,0,0,1,0,0,0,0,0,0,1,0,1,1,0,1,1,0,0,0,0,0,0,1,0,0,0,0,0,0,3.1694195397,0,0,0,2.7731873637,4.714736251,0,9.4480264448,8.1521646816,8.3427107252,19.196949072,9.0332286474,0,4.9729440856,7
4.179382,925343,249,0,0,0,0,0,0,1,1,0,0,0,0,0,0,0,1,0,0,0,1,0,1,0,0,0,0,1,0,0,0,0,0,0,0,0,0,0,0,0,0,1,0,0,0,0,1,0,0,0,1,2.9962981835,0,0,10.189126272,8.8162974431,8.2373848904,18.579263139,13.013508287,0,3.4064995591,3
3.792281,908127,1030,1,0,0,0,0,0,0,0,1,0,0,0,0,1,0,0,0,0,0,1,0,1,1,0,0,0,1,0,0,1,1,0,1,1,0,0,0,1,0,0,1,0,0,1,1.27964,1,0,0,0,1,3.0421537126,0,0,10.037693787,8.9938650804,8.3185333971,19.139495065,12.828822864,0,3.4704106447,10
-1.469907,909264,302,0,0,0,0,0,0,0,0,0,0,0,0,0,0,0,0,0,0,0,1,0,0,0,0,0,0,1,0,1,1,1,0,1,1,0,0,0,0,1,0,0,0,0,0,0,0,0,0,0,1,2.8489562007,0,0,10.179938953,8.755480529,8.5485372513,19.138951582,10.853599749,0,0.3395871408,9
0.640488,925343,1023,1,0,0,0,0,0,0,1,0,0,0,0,0,0,0,0,0,0,1,1,0,0,1,0,0,0,1,0,0,0,1,0,0,0,0,0,0,0,0,1,0,0,0,0,0,1,0,0,0,1,2.9962981835,0,0,10.189126272,8.8162974431,8.2373848904,18.579263139,13.013508287,0,1.089644411,5
4.419357,907298,206,0,0,0,0,0,0,0,0,0,0,0,0,0,0,0,0,0,0,0,1,0,0,0,0,0,0,1,1,1,0,0,0,0,0,1,0,0,0,0,0,0,0,0,0,0,0,0,0,0,0,2.976818149,0,0,11.151804899,8.4640050836,8.4112568406,19.341029083,9.6827849299,0,2.9622998505,1
0.065795,925343,157,0,0,0,0,0,0,0,0,0,0,0,0,0,0,0,0,0,0,0,1,0,0,0,0,0,0,1,0,1,0,0,0,1,0,0,0,0,0,0,0,0,0,0,0,0,1,0,0,0,1,2.9962981835,0,0,10.189126272,8.8162974431,8.2373848904,18.579263139,13.013508287,0,-0.345011567,2
1.224584,908127,177,0,0,0,0,0,0,0,0,0,0,1,0,0,0,1,0,0,1,1,1,0,1,1,0,0,0,1,0,1,0,1,0,0,0,0,0,0,0,1,0,0,0,0,1,1.27964,1,0,0,0,1,3.0421537126,0,0,10.037693787,8.9938650804,8.3185333971,19.139495065,12.828822864,0,2.0700829103,3
2.659424,909716,1028,1,0,0,0,0,0,0,0,0,0,0,0,0,0,0,0,0,0,0,1,0,0,1,0,0,0,1,0,1,1,1,0,0,0,0,0,0,0,0,0,0,0,0,1,0.635086,0,0,0,0,0,3.0394636924,0,0,10.003834798,9.1063448433,9.204390565,21.518247244,10.79405744,0,2.6127101173,9
2.068589,1240210,1060,1,0,0,0,0,0,0,1,0,0,0,0,0,0,0,0,0,0,0,1,0,0,0,0,0,0,1,0,0,1,1,0,0,0,0,0,0,0,1,0,0,0,0,0,0,0,3.3913998776,0,0,1,2.9949189991,0,0,10.228550361,8.5071086764,8.3609990245,18.427721333,11.096510538,1,0.9325089125,9
-1.19305,924248,87,0,0,1,0,0,0,1,0,0,0,1,0,0,0,0,1,0,0,1,1,0,1,0,0,0,0,1,0,1,0,0,0,0,0,0,0,0,1,0,1,0,0,0,0,0.770379,0,0,0,4.9079778596,0,2.9762225287,0,0,10.286534739,8.7162113922,8.7121246012,21.756550177,14.591372756,0,-1.484690067,4
-0.100821,909264,153,0,0,1,0,0,0,0,1,0,0,1,0,0,0,1,0,1,1,1,1,1,0,1,0,0,0,1,0,0,0,1,0,1,1,0,0,0,0,0,1,0,0,0,0,0,0,0,0,0,1,2.8489562007,0,0,10.179938953,8.755480529,8.5485372513,19.138951582,10.853599749,0,-0.778613965,10
4.723613,906999,288,0,0,0,0,0,0,1,1,0,0,0,0,0,0,0,1,0,0,0,1,0,0,0,0,0,0,1,0,1,0,0,0,0,0,0,0,0,0,1,0,0,0.7194,3.6102271394,1,0.7194,1,7.3829576608,1,2.9446837949,1,3.0495934171,0,0,9.9476808172,9.3831420839,8.7083086013,23.755134442,11.830576137,2,4.9877808618,8
-0.705932,971774,219,0,0,0,0,0,0,0,0,0,0,0,0,0,0,0,0,0,0,0,1,0,0,0,0,0,0,1,0,0,1,0,1,0,1,1,0,0,0,0,1,0,0.807544,3.165283691,0,0.726215,1,3.4190544056,1,4.2084771202,1,3.0918643898,0,0,11.706620878,9.1123914875,8.9001265462,18.080785351,12.757518026,0,0.1318166058,3
-1.285976,909759,184,0,0,0,0,0,0,0,0,0,0,0,0,0,0,0,0,0,0,0,0,0,0,0,0,0,0,1,0,1,0,0,0,0,0,1,1,0,0,0,1,0,0,0,0,0,0,0,0,0,0,3.0146730322,0,0,9.237139029,8.4702744104,7.4905298784,18.879786744,11.507563933,0,-1.413830921,6
5.278376,909756,193,0,0,0,0,0,0,1,0,0,0,0,0,0,0,0,0,0,0,0,1,0,1,1,0,0,0,1,0,1,0,0,0,0,0,0,0,0,0,0,0,0,0,0,0,0,0,0,0,0,0,2.8475138,0,0,9.933029521,9.3930114186,8.4369559448,20.367287435,12.196426895,0,4.9287469445,10
5.049116,1240210,279,0,0,0,0,0,0,0,1,0,0,0,0,0,0,0,0,0,1,0,1,0,0,1,0,0,0,1,0,0,1,1,0,0,1,0,0,0,0,0,0,0,0,0,0,0,0,3.3913998776,0,0,1,2.9949189991,0,0,10.228550361,8.5071086764,8.3609990245,18.427721333,11.096510538,1,4.7720274481,2
2.737316,1240215,282,0,0,0,0,1,0,0,1,0,0,0,1,0,0,0,0,0,0,0,1,0,1,1,0,0,0,1,1,0,0,1,0,1,0,0,0,0,0,0,0,0,0,0,0,0,0,6.5996007032,1,0,0,3.0662629843,4.8019166656,0,9.7897319206,9.5000439039,8.3461885734,18.613933282,12.102026295,0,1.4852548356,3
2.633451,906999,256,0,0,0,0,0,0,0,1,0,0,0,0,0,0,1,0,1,0,1,1,1,1,1,0,0,0,1,0,0,0,1,0,0,0,0,0,0,0,0,1,0,0.7194,3.6102271394,1,0.7194,1,7.3829576608,1,2.9446837949,1,3.0495934171,0,0,9.9476808172,9.3831420839,8.7083086013,23.755134442,11.830576137,2,3.7450879055,8
0.658641,971773,305,0,0,0,0,0,0,0,0,0,0,0,0,0,0,0,0,0,0,0,1,0,0,1,0,0,0,1,0,1,1,1,0,0,0,0,0,0,0,0,0,0,0,0,0,0,0,0,0,0,0,2.9223297099,0,0,8.8816005533,8.4627762221,8.5256898879,18.752996197,9.9208505412,0,2.3790834312,1
5.441421,909759,231,0,0,0,0,0,0,0,0,0,0,0,0,0,0,0,0,0,1,1,1,0,0,1,0,0,0,1,0,1,0,0,0,1,0,0,0,0,0,0,0,0,0,0,0,0,0,0,0,0,0,3.0146730322,0,0,9.237139029,8.4702744104,7.4905298784,18.879786744,11.507563933,0,5.680579577,1
3.76818,1240166,281,0,0,0,0,0,0,0,1,0,0,1,0,0,0,1,0,1,1,1,1,1,0,1,0,0,0,1,1,0,1,1,0,1,0,0,0,0,0,0,0,0,0,0,0,0,1,0,0,2.7966849473,0,3.0238717604,0,0,11.482168397,10.167713696,8.8557395336,20.400662619,11.724299341,0,3.9429067039,5
-0.120589,909720,249,0,0,0,0,0,0,1,1,0,0,0,0,0,0,0,1,0,0,0,1,0,1,0,0,0,0,1,0,0,0,0,0,0,0,0,0,0,0,0,0,1,0,0,0,0,0,0,0,0,0,3.0099116771,0,0,9.0894024505,8.2986888893,8.1706134297,17.631371436,12.114078001,0,3.4096518793,5
1.767219,909754,83,0,0,0,0,0,0,0,1,0,0,0,0,0,0,1,0,1,0,1,1,1,0,1,0,0,0,1,0,0,0,1,0,0,1,0,0,0,0,0,1,0,0.874992,3.482301125,2,1.249564,4,12.400271453,2,14.35521576,4,3.2239404416,0,0,10.807558704,8.9081237696,9.3022917015,24.001803288,16.699368639,2,2.0303972618,6
4.761645,909759,298,0,0,0,0,0,0,0,1,0,0,0,0,0,0,0,1,0,0,1,1,0,0,1,0,0,0,1,0,0,1,0,0,0,0,0,0,1,0,0,0,0,0,0,0,0,0,0,0,0,0,3.0146730322,0,0,9.237139029,8.4702744104,7.4905298784,18.879786744,11.507563933,0,4.615089273,7
2.657416,971773,1,0,0,0,0,0,0,1,1,0,0,0,0,0,0,0,1,0,0,0,1,0,0,0,0,0,0,1,0,1,0,0,0,0,0,0,0,0,0,0,0,0,0,0,0,0,0,0,0,0,0,2.9223297099,0,0,8.8816005533,8.4627762221,8.5256898879,18.752996197,9.9208505412,0,1.7453190006,5
0.561641,909732,1019,1,1,0,0,0,0,1,1,0,0,0,0,0,0,0,1,0,0,0,1,0,1,1,0,0,0,1,1,0,0,0,0,0,0,0,0,0,0,0,1,0,0,0,0,0,0,0,0,0,1,2.973266203,0,0,10.857390724,8.2620767107,8.4660243758,21.864805491,10.66951928,0,1.1867752154,1
4.597148,1240210,304,0,0,1,0,0,0,0,0,0,0,0,0,0,0,0,0,1,0,0,1,0,0,1,0,0,0,1,0,1,0,0,0,0,0,0,0,0,0,0,1,0,0,0,0,0,0,3.3913998776,0,0,1,2.9949189991,0,0,10.228550361,8.5071086764,8.3609990245,18.427721333,11.096510538,1,4.6961615232,2
4.15524,909756,288,0,0,0,0,0,0,1,1,0,0,0,0,0,0,0,1,0,0,0,1,0,0,0,0,0,0,1,0,1,0,0,0,0,0,0,0,0,0,1,0,0,0,0,0,0,0,0,0,0,0,2.8475138,0,0,9.933029521,9.3930114186,8.4369559448,20.367287435,12.196426895,0,3.9041449993,7
1.062302,971773,260,0,0,0,0,0,0,0,0,0,1,1,0,0,0,0,0,1,1,1,1,0,1,0,0,0,1,1,0,1,0,1,0,0,0,0,0,0,0,0,1,0,0,0,0,0,0,0,0,0,0,2.9223297099,0,-3,8.8816005533,8.4627762221,8.5256898879,18.752996197,9.9208505412,0,2.3421893078,5
4.270624,909759,1043,1,0,0,0,0,0,0,0,0,1,0,0,0,0,0,0,0,0,0,1,0,1,0,0,0,1,1,1,1,0,0,0,0,0,0,0,0,0,0,0,0,0,0,0,0,0,0,0,0,0,3.0146730322,0,0,9.237139029,8.4702744104,7.4905298784,18.879786744,11.507563933,0,3.8648252548,1
1.927724,907298,167,0,0,0,0,0,0,0,0,0,0,1,0,0,0,1,0,0,1,1,1,0,0,1,0,0,0,1,0,0,0,0,0,0,0,1,0,0,0,0,1,0,0,0,0,0,0,0,0,0,0,2.976818149,0,0,11.151804899,8.4640050836,8.4112568406,19.341029083,9.6827849299,0,2.2343874116,2
3.765251,924248,56,0,0,0,0,1,0,0,0,0,1,0,0,0,0,1,1,0,0,0,1,0,1,1,0,0,0,1,0,1,0,0,0,1,0,0,0,0,0,0,1,0,0,0,0,0.770379,0,0,0,4.9079778596,0,2.9762225287,0,0,10.286534739,8.7162113922,8.7121246012,21.756550177,14.591372756,0,2.2304005903,10
-1.736671,1240215,153,0,0,1,0,0,0,0,1,0,0,1,0,0,0,1,0,1,1,1,1,1,0,1,0,0,0,1,0,0,0,1,0,1,1,0,0,0,0,0,1,0,0,0,0,0,0,6.5996007032,1,0,0,3.0662629843,0,0,9.7897319206,9.5000439039,8.3461885734,18.613933282,12.102026295,0,-0.987899513,7
2.177027,907298,1373,1,0,0,0,0,0,0,0,0,0,0,0,0,0,0,0,0,0,0,1,0,0,1,0,0,0,1,0,1,0,0,0,0,0,0,0,0,0,0,0,0,0,0,0,0,0,0,0,0,0,2.976818149,0,0,11.151804899,8.4640050836,8.4112568406,19.341029083,9.6827849299,0,2.1962743357,3
-0.249752,909264,331,0,0,0,0,0,0,0,1,0,0,0,0,0,0,1,0,1,0,1,1,1,0,1,0,0,0,1,0,0,0,1,0,0,0,1,0,0,0,0,0,0,0,0,0,0,0,0,0,0,1,2.8489562007,0,0,10.179938953,8.755480529,8.5485372513,19.138951582,10.853599749,0,0.9488829863,4
1.949835,971773,262,0,1,0,0,0,0,0,0,0,0,0,0,1,0,0,0,0,0,0,1,1,1,1,0,0,0,1,0,1,0,1,0,1,1,0,0,0,0,1,1,0,0,0,0,0,0,0,0,0,0,2.9223297099,0,0,8.8816005533,8.4627762221,8.5256898879,18.752996197,9.9208505412,0,3.0806096372,9
2.496519,909716,1038,1,0,0,0,0,0,0,0,1,1,0,0,0,0,1,0,0,0,1,1,0,1,1,0,0,0,1,0,0,1,1,0,1,1,0,0,0,1,0,0,1,0,0,1,0.635086,0,0,0,0,0,3.0394636924,0,0,10.003834798,9.1063448433,9.204390565,21.518247244,10.79405744,0,1.2952796116,7
1.134078,1240215,1019,1,1,0,0,0,0,1,1,0,0,0,0,0,0,0,1,0,0,0,1,0,1,1,0,0,0,1,1,0,0,0,0,0,0,0,0,0,0,0,1,0,0,0,0,0,0,6.5996007032,1,0,0,3.0662629843,0,0,9.7897319206,9.5000439039,8.3461885734,18.613933282,12.102026295,0,1.3840258955,8
4.665527,910784,281,0,0,0,0,0,0,0,1,0,0,1,0,0,0,1,0,1,1,1,1,1,0,1,0,0,0,1,1,0,1,1,0,1,0,0,0,0,0,0,0,0,0,0,0,0,0,3.1694195397,0,0,0,2.7731873637,0,0,9.4480264448,8.1521646816,8.3427107252,19.196949072,9.0332286474,0,4.2026694289,3
2.263272,907298,229,0,0,0,0,0,0,0,1,0,0,0,0,0,0,0,0,0,0,1,1,1,0,1,0,0,0,1,0,0,0,0,0,0,0,0,0,0,0,0,1,0,0,0,0,0,0,0,0,0,0,2.976818149,0,0,11.151804899,8.4640050836,8.4112568406,19.341029083,9.6827849299,0,2.7311277688,4
-2.033474,1240210,283,0,0,0,0,0,0,0,1,0,0,0,0,0,0,1,0,1,0,1,1,0,1,1,0,0,0,1,0,0,0,0,0,0,0,1,0,0,0,0,1,0,0,0,0,0,0,3.3913998776,0,0,1,2.9949189991,0,0,10.228550361,8.5071086764,8.3609990245,18.427721333,11.096510538,1,-2.277086541,9
6.957408,909754,230,0,0,0,0,0,0,0,1,0,0,0,0,0,0,0,0,0,1,1,1,0,0,1,1,0,0,1,0,0,1,0,0,0,0,1,0,0,0,0,0,0,0.874992,3.482301125,2,1.249564,4,12.400271453,2,14.35521576,4,3.2239404416,0,0,10.807558704,8.9081237696,9.3022917015,24.001803288,16.699368639,2,6.0694795404,4
1.019103,908127,1372,1,0,0,0,0,0,0,0,0,0,0,0,0,0,0,0,0,0,0,0,0,0,0,1,0,0,1,0,1,1,0,0,0,1,0,0,0,0,0,0,0,0,0,1,1.27964,1,0,0,0,1,3.0421537126,0,0,10.037693787,8.9938650804,8.3185333971,19.139495065,12.828822864,0,-0.469636443,3
0.083832,909720,37,0,0,0,0,0,0,0,0,0,0,0,0,0,0,0,0,0,0,1,1,0,1,0,0,0,0,1,0,1,0,0,0,1,0,1,0,0,0,0,0,0,0,0,0,0,0,0,0,0,0,3.0099116771,0,0,9.0894024505,8.2986888893,8.1706134297,17.631371436,12.114078001,0,0.0211228497,5
3.376256,1299061,177,0,0,0,0,0,0,0,0,0,0,1,0,0,0,1,0,0,1,1,1,0,1,1,0,0,0,1,0,1,0,1,0,0,0,0,0,0,0,1,0,0,0,0,0,0,0,5.924603939,0,0,0,3.181275322,0,0,11.527623475,8.7989567731,8.2649243614,19.027614517,10.63934132,0,2.4767494311,9
0.078051,909716,235,0,0,0,0,0,0,0,1,0,0,0,0,0,0,1,0,1,0,1,1,1,0,1,0,0,0,1,0,0,0,1,0,0,1,1,0,0,0,0,0,0,0,0,1,0.635086,0,0,0,0,0,3.0394636924,0,0,10.003834798,9.1063448433,9.204390565,21.518247244,10.79405744,0,0.8757464221,9
3.042247,909754,1037,1,0,0,0,0,0,0,0,0,0,0,0,0,0,0,0,0,0,0,0,0,0,0,0,0,0,1,0,1,0,1,0,0,1,0,0,0,0,0,0,0,0.874992,3.482301125,2,1.249564,4,12.400271453,2,14.35521576,4,3.2239404416,0,0,10.807558704,8.9081237696,9.3022917015,24.001803288,16.699368639,2,4.8094097247,1
4.462782,909732,253,0,0,0,0,1,0,0,0,0,0,0,0,0,0,0,0,0,0,0,1,0,0,0,0,0,0,1,0,1,1,0,1,1,0,0,0,0,0,0,1,0,0,0,0,0,0,0,0,0,1,2.973266203,0,0,10.857390724,8.2620767107,8.4660243758,21.864805491,10.66951928,0,4.6796874729,9
1.178077,1240166,1060,1,0,0,0,0,0,0,1,0,0,0,0,0,0,0,0,0,0,0,1,0,0,0,0,0,0,1,0,0,1,1,0,0,0,0,0,0,0,1,0,0,0,0,0,0,1,0,0,2.7966849473,0,3.0238717604,0,0,11.482168397,10.167713696,8.8557395336,20.400662619,11.724299341,0,0.7735485778,6
2.6528,909264,275,0,0,0,0,0,0,0,1,0,0,0,0,0,0,0,1,0,0,0,1,0,1,1,0,0,0,1,0,1,0,0,0,0,1,1,0,0,0,0,1,0,0,0,0,0,0,0,0,0,1,2.8489562007,0,0,10.179938953,8.755480529,8.5485372513,19.138951582,10.853599749,0,2.5672025696,10
4.47333,924248,288,0,0,0,0,0,0,1,1,0,0,0,0,0,0,0,1,0,0,0,1,0,0,0,0,0,0,1,0,1,0,0,0,0,0,0,0,0,0,1,0,0,0,0,0,0.770379,0,0,0,4.9079778596,0,2.9762225287,0,0,10.286534739,8.7162113922,8.7121246012,21.756550177,14.591372756,0,4.3037547159,5
4.11744,907298,1061,1,0,0,0,0,0,0,0,0,0,0,0,0,0,0,0,0,0,0,1,0,0,0,0,0,0,1,0,1,0,0,0,1,0,0,0,0,0,0,1,0,0,0,0,0,0,0,0,0,0,2.976818149,0,0,11.151804899,8.4640050836,8.4112568406,19.341029083,9.6827849299,0,3.6974660685,6
3.335244,909759,262,0,1,0,0,0,0,0,0,0,0,0,0,1,0,0,0,0,0,0,1,1,1,1,0,0,0,1,0,1,0,1,0,1,1,0,0,0,0,1,1,0,0,0,0,0,0,0,0,0,0,3.0146730322,0,0,9.237139029,8.4702744104,7.4905298784,18.879786744,11.507563933,0,3.0648227093,9
-1.0922,910784,1242,1,0,0,0,0,0,0,0,0,1,1,0,0,0,0,0,0,0,1,1,0,1,0,0,0,0,1,0,0,0,1,0,0,0,0,0,0,1,1,0,0,0,0,0,0,0,3.1694195397,0,0,0,2.7731873637,0,0,9.4480264448,8.1521646816,8.3427107252,19.196949072,9.0332286474,0,-0.899258486,6
5.58168,909754,1143,1,0,0,1,1,0,0,0,0,0,0,0,0,0,0,0,0,0,0,1,0,0,0,0,0,0,1,0,1,0,0,0,1,0,0,0,0,0,0,0,0,0.874992,3.482301125,2,1.249564,4,12.400271453,2,14.35521576,4,3.2239404416,0,0,10.807558704,8.9081237696,9.3022917015,24.001803288,16.699368639,2,5.8988012742,8
3.823997,907298,294,0,0,0,1,1,0,0,0,0,0,0,0,0,0,0,0,0,0,0,1,0,0,0,0,0,0,1,0,1,0,0,0,1,0,0,0,0,0,1,0,0,0,0,0,0,0,0,0,0,0,2.976818149,0,0,11.151804899,8.4640050836,8.4112568406,19.341029083,9.6827849299,0,4.1595551539,2
-3.520107,925343,87,0,0,1,0,0,0,1,0,0,0,1,0,0,0,0,1,0,0,1,1,0,1,0,0,0,0,1,0,1,0,0,0,0,0,0,0,0,1,0,1,0,0,0,0,0,1,0,0,0,1,2.9962981835,0,0,10.189126272,8.8162974431,8.2373848904,18.579263139,13.013508287,0,-3.610463201,3
4.571048,1299061,1052,1,0,0,0,0,0,0,1,0,0,0,0,0,0,1,0,1,0,0,1,0,0,1,0,0,0,1,0,0,0,1,0,0,0,0,0,0,0,0,0,0,0,0,0,0,0,5.924603939,0,0,0,3.181275322,0,0,11.527623475,8.7989567731,8.2649243614,19.027614517,10.63934132,0,3.5048675539,4
5.283504,1299061,1039,1,0,0,0,0,0,0,0,0,1,0,0,0,0,0,0,0,0,0,1,0,1,1,0,0,1,1,0,0,0,1,0,0,0,0,0,0,1,1,0,1,0,0,0,0,0,5.924603939,0,0,0,3.181275322,0,0,11.527623475,8.7989567731,8.2649243614,19.027614517,10.63934132,0,5.027536027,6
4.461328,1240166,295,0,0,0,0,0,0,0,1,0,0,0,0,0,0,0,0,0,1,0,1,0,0,0,0,0,0,1,0,1,0,1,0,0,0,1,0,0,0,0,0,0,0,0,0,0,1,0,0,2.7966849473,0,3.0238717604,0,0,11.482168397,10.167713696,8.8557395336,20.400662619,11.724299341,0,5.0876873457,1
-0.244934,907298,254,0,0,0,1,0,0,0,0,0,0,0,0,0,0,0,1,1,0,0,1,0,0,0,0,0,0,1,0,1,1,0,0,1,0,0,0,0,0,0,1,0,0,0,0,0,0,0,0,0,0,2.976818149,0,0,11.151804899,8.4640050836,8.4112568406,19.341029083,9.6827849299,0,2.1387471182,8
2.040113,971774,235,0,0,0,0,0,0,0,1,0,0,0,0,0,0,1,0,1,0,1,1,1,0,1,0,0,0,1,0,0,0,1,0,0,1,1,0,0,0,0,0,0,0.807544,3.165283691,0,0.726215,1,3.4190544056,1,4.2084771202,1,3.0918643898,0,0,11.706620878,9.1123914875,8.9001265462,18.080785351,12.757518026,0,0.8805226818,7
4.042435,906999,262,0,1,0,0,0,0,0,0,0,0,0,0,1,0,0,0,0,0,0,1,1,1,1,0,0,0,1,0,1,0,1,0,1,1,0,0,0,0,1,1,0,0.7194,3.6102271394,1,0.7194,1,7.3829576608,1,2.9446837949,1,3.0495934171,0,0,9.9476808172,9.3831420839,8.7083086013,23.755134442,11.830576137,2,3.0669186523,4
2.076415,1240210,254,0,0,0,1,0,0,0,0,0,0,0,0,0,0,0,1,1,0,0,1,0,0,0,0,0,0,1,0,1,1,0,0,1,0,0,0,0,0,0,1,0,0,0,0,0,0,3.3913998776,0,0,1,2.9949189991,0,0,10.228550361,8.5071086764,8.3609990245,18.427721333,11.096510538,1,2.1621602886,9
2.706375,906999,167,0,0,0,0,0,0,0,0,0,0,1,0,0,0,1,0,0,1,1,1,0,0,1,0,0,0,1,0,0,0,0,0,0,0,1,0,0,0,0,1,0,0.7194,3.6102271394,1,0.7194,1,7.3829576608,1,2.9446837949,1,3.0495934171,0,0,9.9476808172,9.3831420839,8.7083086013,23.755134442,11.830576137,2,1.9848330433,8
-0.024075,909732,1242,1,0,0,0,0,0,0,0,0,1,1,0,0,0,0,0,0,0,1,1,0,1,0,0,0,0,1,0,0,0,1,0,0,0,0,0,0,1,1,0,0,0,0,0,0,0,0,0,0,1,2.973266203,0,-3,10.857390724,8.2620767107,8.4660243758,21.864805491,10.66951928,0,-0.124672311,5
-0.392347,909756,1014,1,0,1,0,1,0,0,0,0,0,0,0,0,0,0,0,0,0,0,0,0,0,0,0,0,0,1,0,0,0,0,0,0,0,0,0,0,0,1,1,0,0,0,0,0,0,0,0,0,0,2.8475138,0,0,9.933029521,9.3930114186,8.4369559448,20.367287435,12.196426895,0,1.382276515,7
4.350434,909716,1030,1,0,0,0,0,0,0,0,1,0,0,0,0,1,0,0,0,0,0,1,0,1,1,0,0,0,1,0,0,1,1,0,1,1,0,0,0,1,0,0,1,0,0,1,0.635086,0,0,0,0,0,3.0394636924,0,0,10.003834798,9.1063448433,9.204390565,21.518247244,10.79405744,0,3.6377630611,7
4.704625,906999,330,0,0,0,0,0,0,0,1,0,0,0,0,0,0,1,0,0,1,1,1,0,0,1,0,0,0,1,0,0,0,1,0,0,1,1,1,0,0,0,0,0,0.7194,3.6102271394,1,0.7194,1,7.3829576608,1,2.9446837949,1,3.0495934171,0,0,9.9476808172,9.3831420839,8.7083086013,23.755134442,11.830576137,2,4.4011388152,6
-2.137445,909756,283,0,0,0,0,0,0,0,1,0,0,0,0,0,0,1,0,1,0,1,1,0,1,1,0,0,0,1,0,0,0,0,0,0,0,1,0,0,0,0,1,0,0,0,0,0,0,0,0,0,0,2.8475138,0,0,9.933029521,9.3930114186,8.4369559448,20.367287435,12.196426895,0,-1.351713243,1
4.564759,909756,255,0,0,0,0,0,0,0,1,0,1,0,0,0,0,1,1,1,0,0,1,0,1,1,0,0,0,1,0,1,0,0,0,1,1,0,0,0,0,0,0,0,0,0,0,0,0,0,0,0,0,2.8475138,0,0,9.933029521,9.3930114186,8.4369559448,20.367287435,12.196426895,0,5.3322378198,6
3.636095,1240210,1052,1,0,0,0,0,0,0,1,0,0,0,0,0,0,1,0,1,0,0,1,0,0,1,0,0,0,1,0,0,0,1,0,0,0,0,0,0,0,0,0,0,0,0,0,0,0,3.3913998776,0,0,1,2.9949189991,0,0,10.228550361,8.5071086764,8.3609990245,18.427721333,11.096510538,1,3.4103438499,10
5.742885,909754,219,0,0,0,0,0,0,0,0,0,0,0,0,0,0,0,0,0,0,0,1,0,0,0,0,0,0,1,0,0,1,0,1,0,1,1,0,0,0,0,1,0,0.874992,3.482301125,2,1.249564,4,12.400271453,2,14.35521576,4,3.2239404416,0,0,10.807558704,8.9081237696,9.3022917015,24.001803288,16.699368639,2,5.2523875636,10
5.050224,1240210,275,0,0,0,0,0,0,0,1,0,0,0,0,0,0,0,1,0,0,0,1,0,1,1,0,0,0,1,0,1,0,0,0,0,1,1,0,0,0,0,1,0,0,0,0,0,0,3.3913998776,0,0,1,2.9949189991,0,0,10.228550361,8.5071086764,8.3609990245,18.427721333,11.096510538,1,5.0425865519,6
2.175238,1240166,167,0,0,0,0,0,0,0,0,0,0,1,0,0,0,1,0,0,1,1,1,0,0,1,0,0,0,1,0,0,0,0,0,0,0,1,0,0,0,0,1,0,0,0,0,0,1,0,0,2.7966849473,0,3.0238717604,0,0,11.482168397,10.167713696,8.8557395336,20.400662619,11.724299341,0,2.8754177811,10
0.249412,971773,1059,1,0,0,0,0,0,0,0,0,1,0,0,0,0,1,0,0,0,0,1,0,1,1,0,0,0,1,0,1,0,0,0,1,0,0,0,0,0,1,0,0,0,0,0,0,0,0,0,0,0,2.9223297099,0,-3,8.8816005533,8.4627762221,8.5256898879,18.752996197,9.9208505412,0,0.7676464207,3
0.381106,908127,158,0,0,0,0,0,0,0,1,0,0,0,0,0,0,0,0,0,0,0,1,1,0,0,0,0,0,1,0,1,0,0,0,0,0,0,0,0,0,0,0,0,0,0,1,1.27964,1,0,0,0,1,3.0421537126,0,0,10.037693787,8.9938650804,8.3185333971,19.139495065,12.828822864,0,0.9280794746,4
3.243417,909716,178,0,0,0,0,0,0,1,0,0,0,0,0,0,0,0,0,0,0,0,1,0,1,0,0,0,0,1,0,1,1,1,0,0,0,0,0,0,0,0,1,0,0,0,1,0.635086,0,0,0,0,0,3.0394636924,0,0,10.003834798,9.1063448433,9.204390565,21.518247244,10.79405744,0,2.4004299752,6
1.009328,909720,1037,1,0,0,0,0,0,0,0,0,0,0,0,0,0,0,0,0,0,0,0,0,0,0,0,0,0,1,0,1,0,1,0,0,1,0,0,0,0,0,0,0,0,0,0,0,0,0,0,0,0,3.0099116771,0,0,9.0894024505,8.2986888893,8.1706134297,17.631371436,12.114078001,0,0.7010146316,6
4.106891,909754,63,0,0,0,0,0,0,0,0,1,1,0,0,0,1,0,0,0,1,0,1,0,1,0,0,0,0,1,0,1,0,1,0,0,1,0,0,0,1,0,1,0,0.874992,3.482301125,2,1.249564,4,12.400271453,2,14.35521576,4,3.2239404416,0,2,10.807558704,8.9081237696,9.3022917015,24.001803288,16.699368639,2,2.6363810123,5
0.38635,909716,326,0,0,0,0,0,0,0,0,0,0,0,0,0,0,0,0,0,0,0,0,0,0,0,0,0,0,1,0,1,0,0,0,1,0,0,0,0,0,0,1,0,0,0,1,0.635086,0,0,0,0,0,3.0394636924,0,0,10.003834798,9.1063448433,9.204390565,21.518247244,10.79405744,0,1.9486247818,9
-0.006388,909759,1037,1,0,0,0,0,0,0,0,0,0,0,0,0,0,0,0,0,0,0,0,0,0,0,0,0,0,1,0,1,0,1,0,0,1,0,0,0,0,0,0,0,0,0,0,0,0,0,0,0,0,3.0146730322,0,0,9.237139029,8.4702744104,7.4905298784,18.879786744,11.507563933,0,1.1415690272,7
1.084233,907298,235,0,0,0,0,0,0,0,1,0,0,0,0,0,0,1,0,1,0,1,1,1,0,1,0,0,0,1,0,0,0,1,0,0,1,1,0,0,0,0,0,0,0,0,0,0,0,0,0,0,0,2.976818149,0,0,11.151804899,8.4640050836,8.4112568406,19.341029083,9.6827849299,0,0.8705813828,10
-2.406132,909756,1373,1,0,0,0,0,0,0,0,0,0,0,0,0,0,0,0,0,0,0,1,0,0,1,0,0,0,1,0,1,0,0,0,0,0,0,0,0,0,0,0,0,0,0,0,0,0,0,0,0,0,2.8475138,0,0,9.933029521,9.3930114186,8.4369559448,20.367287435,12.196426895,0,0.644606361,7
3.251479,909732,287,0,0,1,0,0,0,0,0,0,0,0,0,0,0,0,1,0,0,0,1,0,1,0,0,0,0,1,0,1,1,1,0,1,1,0,0,0,0,0,1,1,0,0,0,0,0,0,0,0,1,2.973266203,0,0,10.857390724,8.2620767107,8.4660243758,21.864805491,10.66951928,0,3.1778413876,1
5.242633,971774,1194,1,0,0,0,0,0,1,0,0,0,0,0,0,0,0,0,0,0,0,1,0,1,1,0,0,0,1,0,1,0,0,0,0,0,0,0,0,0,0,1,0,0.807544,3.165283691,0,0.726215,1,3.4190544056,1,4.2084771202,1,3.0918643898,0,0,11.706620878,9.1123914875,8.9001265462,18.080785351,12.757518026,0,4.2748318779,10
4.461328,1240166,219,0,0,0,0,0,0,0,0,0,0,0,0,0,0,0,0,0,0,0,1,0,0,0,0,0,0,1,0,0,1,0,1,0,1,1,0,0,0,0,1,0,0,0,0,0,1,0,0,2.7966849473,0,3.0238717604,0,0,11.482168397,10.167713696,8.8557395336,20.400662619,11.724299341,0,3.1957046554,7
0.262941,909716,1161,1,0,0,0,0,0,0,0,0,0,0,0,0,0,0,0,1,0,0,1,1,0,0,0,0,0,1,0,1,0,1,0,0,0,0,0,0,0,0,0,0,0,0,1,0.635086,0,0,0,0,0,3.0394636924,0,0,10.003834798,9.1063448433,9.204390565,21.518247244,10.79405744,0,1.06779028,9
1.013231,1240166,1021,1,0,0,0,0,0,0,1,1,0,0,0,0,0,0,0,0,0,0,1,0,0,0,0,0,0,1,0,0,0,1,0,0,1,1,0,1,0,0,0,0,0,0,0,0,1,0,0,2.7966849473,0,3.0238717604,0,0,11.482168397,10.167713696,8.8557395336,20.400662619,11.724299341,0,0.5712807728,1
3.158123,1240166,292,0,0,0,0,0,0,0,1,0,0,0,0,0,0,0,0,1,1,0,1,0,0,0,0,0,0,1,0,1,0,1,0,0,0,0,0,0,0,0,1,0,0,0,0,0,1,0,0,2.7966849473,0,3.0238717604,0,0,11.482168397,10.167713696,8.8557395336,20.400662619,11.724299341,0,3.8433986438,1
-2.023122,924248,252,0,0,0,0,0,0,0,0,0,0,0,0,0,0,0,0,0,0,0,0,0,0,0,0,0,0,1,0,1,0,1,0,0,0,0,0,0,0,0,1,0,0,0,0,0.770379,0,0,0,4.9079778596,0,2.9762225287,0,0,10.286534739,8.7162113922,8.7121246012,21.756550177,14.591372756,0,0.8177906247,8
6.167618,907298,193,0,0,0,0,0,0,1,0,0,0,0,0,0,0,0,0,0,0,0,1,0,1,1,0,0,0,1,0,1,0,0,0,0,0,0,0,0,0,0,0,0,0,0,0,0,0,0,0,0,0,2.976818149,0,0,11.151804899,8.4640050836,8.4112568406,19.341029083,9.6827849299,0,5.2507186728,10
2.388822,909720,202,0,0,0,0,1,0,0,1,0,1,0,0,0,0,1,0,0,0,0,1,1,1,1,0,0,0,1,0,1,0,1,0,1,0,0,0,0,1,0,1,0,0,0,0,0,0,0,0,0,0,3.0099116771,0,0,9.0894024505,8.2986888893,8.1706134297,17.631371436,12.114078001,0,1.3103909794,2
3.595429,1240210,1061,1,0,0,0,0,0,0,0,0,0,0,0,0,0,0,0,0,0,0,1,0,0,0,0,0,0,1,0,1,0,0,0,1,0,0,0,0,0,0,1,0,0,0,0,0,0,3.3913998776,0,0,1,2.9949189991,0,0,10.228550361,8.5071086764,8.3609990245,18.427721333,11.096510538,1,3.3406161748,7
1.321648,906999,158,0,0,0,0,0,0,0,1,0,0,0,0,0,0,0,0,0,0,0,1,1,0,0,0,0,0,1,0,1,0,0,0,0,0,0,0,0,0,0,0,0,0.7194,3.6102271394,1,0.7194,1,7.3829576608,1,2.9446837949,1,3.0495934171,0,0,9.9476808172,9.3831420839,8.7083086013,23.755134442,11.830576137,2,2.138085179,3
-0.486627,925343,1059,1,0,0,0,0,0,0,0,0,1,0,0,0,0,1,0,0,0,0,1,0,1,1,0,0,0,1,0,1,0,0,0,1,0,0,0,0,0,1,0,0,0,0,0,0,1,0,0,0,1,2.9962981835,0,0,10.189126272,8.8162974431,8.2373848904,18.579263139,13.013508287,0,-0.002734997,2
1.191732,1240166,1037,1,0,0,0,0,0,0,0,0,0,0,0,0,0,0,0,0,0,0,0,0,0,0,0,0,0,1,0,1,0,1,0,0,1,0,0,0,0,0,0,0,0,0,0,0,1,0,0,2.7966849473,0,3.0238717604,0,0,11.482168397,10.167713696,8.8557395336,20.400662619,11.724299341,0,1.7596324908,7
1.34688,971773,178,0,0,0,0,0,0,1,0,0,0,0,0,0,0,0,0,0,0,0,1,0,1,0,0,0,0,1,0,1,1,1,0,0,0,0,0,0,0,0,1,0,0,0,0,0,0,0,0,0,0,2.9223297099,0,0,8.8816005533,8.4627762221,8.5256898879,18.752996197,9.9208505412,0,2.2705284269,2
4.016399,971773,59,0,0,0,0,0,0,0,0,0,0,0,0,0,0,0,0,0,0,0,0,0,0,0,0,0,0,1,0,1,0,1,0,0,1,0,0,0,0,0,1,0,0,0,0,0,0,0,0,0,0,2.9223297099,0,0,8.8816005533,8.4627762221,8.5256898879,18.752996197,9.9208505412,0,2.8591631057,7
-2.225359,924248,283,0,0,0,0,0,0,0,1,0,0,0,0,0,0,1,0,1,0,1,1,0,1,1,0,0,0,1,0,0,0,0,0,0,0,1,0,0,0,0,1,0,0,0,0,0.770379,0,0,0,4.9079778596,0,2.9762225287,0,0,10.286534739,8.7162113922,8.7121246012,21.756550177,14.591372756,0,-1.467293073,10
1.506442,909756,30,0,0,0,0,0,0,0,0,0,0,0,0,0,0,0,1,0,0,0,1,0,0,0,0,0,1,1,0,1,0,1,0,0,1,0,0,0,0,0,1,0,0,0,0,0,0,0,0,0,0,2.8475138,0,0,9.933029521,9.3930114186,8.4369559448,20.367287435,12.196426895,0,2.2857737031,8
4.771818,907298,1030,1,0,0,0,0,0,0,0,1,0,0,0,0,1,0,0,0,0,0,1,0,1,1,0,0,0,1,0,0,1,1,0,1,1,0,0,0,1,0,0,1,0,0,0,0,0,0,0,0,0,2.976818149,0,0,11.151804899,8.4640050836,8.4112568406,19.341029083,9.6827849299,0,4.1358031674,7
3.300962,909759,1023,1,0,0,0,0,0,0,1,0,0,0,0,0,0,0,0,0,0,1,1,0,0,1,0,0,0,1,0,0,0,1,0,0,0,0,0,0,0,0,1,0,0,0,0,0,0,0,0,0,0,3.0146730322,0,0,9.237139029,8.4702744104,7.4905298784,18.879786744,11.507563933,0,3.2910664059,5
1.693262,1299061,185,0,0,0,0,0,0,0,1,0,0,0,0,0,0,0,0,0,1,0,1,0,0,1,0,0,0,1,0,1,0,0,0,0,0,0,0,0,0,1,1,0,0,0,0,0,0,5.924603939,0,0,0,3.181275322,0,0,11.527623475,8.7989567731,8.2649243614,19.027614517,10.63934132,0,2.8742073266,8
0.271747,906999,252,0,0,0,0,0,0,0,0,0,0,0,0,0,0,0,0,0,0,0,0,0,0,0,0,0,0,1,0,1,0,1,0,0,0,0,0,0,0,0,1,0,0.7194,3.6102271394,1,0.7194,1,7.3829576608,1,2.9446837949,1,3.0495934171,0,0,9.9476808172,9.3831420839,8.7083086013,23.755134442,11.830576137,2,2.6532527004,1
2.108478,909264,226,0,0,0,0,0,0,0,0,0,0,0,0,0,0,1,0,1,0,1,1,0,0,1,0,0,0,1,0,1,0,0,0,0,1,1,0,0,0,0,0,0,0,0,0,0,0,0,0,0,1,2.8489562007,0,0,10.179938953,8.755480529,8.5485372513,19.138951582,10.853599749,0,2.4440909323,10
2.158743,1240166,254,0,0,0,1,0,0,0,0,0,0,0,0,0,0,0,1,1,0,0,1,0,0,0,0,0,0,1,0,1,1,0,0,1,0,0,0,0,0,0,1,0,0,0,0,0,1,0,0,2.7966849473,0,3.0238717604,0,0,11.482168397,10.167713696,8.8557395336,20.400662619,11.724299341,0,2.2842676493,9
1.679478,971773,207,0,0,0,1,0,0,0,0,0,0,0,0,0,0,0,0,0,0,0,1,0,0,0,0,0,0,1,1,1,0,0,0,0,0,0,0,0,0,0,0,0,0,0,0,0,0,0,0,0,0,2.9223297099,0,0,8.8816005533,8.4627762221,8.5256898879,18.752996197,9.9208505412,0,1.3345857002,5
5.832181,909754,306,0,0,0,0,0,0,0,0,0,0,0,0,0,0,0,1,0,0,0,0,0,0,0,0,0,0,1,0,1,0,0,0,1,0,0,0,1,0,0,0,0,0.874992,3.482301125,2,1.249564,4,12.400271453,2,14.35521576,4,3.2239404416,0,0,10.807558704,8.9081237696,9.3022917015,24.001803288,16.699368639,2,6.5352691592,3
-0.551713,971773,312,0,1,0,0,0,0,1,1,0,0,0,0,0,0,0,1,0,0,0,1,0,1,0,0,0,0,1,0,1,1,0,0,0,0,0,0,0,0,0,0,0,0,0,0,0,0,0,0,0,0,2.9223297099,0,0,8.8816005533,8.4627762221,8.5256898879,18.752996197,9.9208505412,0,-0.877649759,2
3.823314,909756,1032,1,0,0,0,1,0,0,1,0,0,0,1,0,0,0,0,0,0,0,1,0,0,0,0,0,0,1,0,1,0,1,0,1,0,0,0,0,0,0,0,0,0,0,0,0,0,0,0,0,0,2.8475138,0,0,9.933029521,9.3930114186,8.4369559448,20.367287435,12.196426895,0,2.6724082155,10
3.776298,909716,1043,1,0,0,0,0,0,0,0,0,1,0,0,0,0,0,0,0,0,0,1,0,1,0,0,0,1,1,1,1,0,0,0,0,0,0,0,0,0,0,0,0,0,0,1,0.635086,0,0,0,0,0,3.0394636924,0,0,10.003834798,9.1063448433,9.204390565,21.518247244,10.79405744,0,3.77293408,6
2.726978,909759,59,0,0,0,0,0,0,0,0,0,0,0,0,0,0,0,0,0,0,0,0,0,0,0,0,0,0,1,0,1,0,1,0,0,1,0,0,0,0,0,1,0,0,0,0,0,0,0,0,0,0,3.0146730322,0,0,9.237139029,8.4702744104,7.4905298784,18.879786744,11.507563933,0,3.0318119353,7
1.015272,1240210,1021,1,0,0,0,0,0,0,1,1,0,0,0,0,0,0,0,0,0,0,1,0,0,0,0,0,0,1,0,0,0,1,0,0,1,1,0,1,0,0,0,0,0,0,0,0,0,3.3913998776,0,0,1,2.9949189991,0,0,10.228550361,8.5071086764,8.3609990245,18.427721333,11.096510538,1,0.6599135661,8
2.9967195713,971773,1014,1,0,1,0,1,0,0,0,0,0,0,0,0,0,0,0,0,0,0,0,0,0,0,0,0,0,1,0,0,0,0,0,0,0,0,0,0,0,1,1,0,0,0,0,0,0,0,0,0,0,2.9223297099,0,0,8.8816005533,8.4627762221,8.5256898879,18.752996197,9.9208505412,0,2.1306974053,5
6.23028,909754,255,0,0,0,0,0,0,0,1,0,1,0,0,0,0,1,1,1,0,0,1,0,1,1,0,0,0,1,0,1,0,0,0,1,1,0,0,0,0,0,0,0,0.874992,3.482301125,2,1.249564,4,12.400271453,2,14.35521576,4,3.2239404416,0,2,10.807558704,8.9081237696,9.3022917015,24.001803288,16.699368639,2,6.3429162209,5
2.271617,971773,1049,1,0,0,0,0,0,0,0,0,0,0,0,0,0,0,0,0,0,1,1,0,1,1,0,0,0,1,0,1,0,0,0,0,0,0,0,0,0,0,0,0,0,0,0,0,0,0,0,0,0,2.9223297099,0,0,8.8816005533,8.4627762221,8.5256898879,18.752996197,9.9208505412,0,2.1630854837,8
4.77843,908127,291,0,1,0,0,0,0,0,1,0,0,0,1,1,0,0,0,0,0,0,1,0,0,1,0,0,0,1,1,0,0,0,0,0,0,0,0,0,0,0,1,0,0,0,1,1.27964,1,0,0,0,1,3.0421537126,0,0,10.037693787,8.9938650804,8.3185333971,19.139495065,12.828822864,0,4.3829608996,2
3.9348,971774,1030,1,0,0,0,0,0,0,0,1,0,0,0,0,1,0,0,0,0,0,1,0,1,1,0,0,0,1,0,0,1,1,0,1,1,0,0,0,1,0,0,1,0.807544,3.165283691,0,0.726215,1,3.4190544056,1,4.2084771202,1,3.0918643898,0,0,11.706620878,9.1123914875,8.9001265462,18.080785351,12.757518026,0,3.4125740428,5
6.189946,909754,329,0,0,0,0,0,0,0,1,0,0,0,0,0,0,0,0,0,1,0,1,0,0,0,0,0,0,1,0,0,1,1,0,1,0,0,0,0,0,0,0,0,0.874992,3.482301125,2,1.249564,4,12.400271453,2,14.35521576,4,3.2239404416,0,0,10.807558704,8.9081237696,9.3022917015,24.001803288,16.699368639,2,5.4492361741,2
2.155007,1240166,202,0,0,0,0,1,0,0,1,0,1,0,0,0,0,1,0,0,0,0,1,1,1,1,0,0,0,1,0,1,0,1,0,1,0,0,0,0,1,0,1,0,0,0,0,0,1,0,0,2.7966849473,0,3.0238717604,0,0,11.482168397,10.167713696,8.8557395336,20.400662619,11.724299341,0,1.3103909476,2
4.348675,909716,249,0,0,0,0,0,0,1,1,0,0,0,0,0,0,0,1,0,0,0,1,0,1,0,0,0,0,1,0,0,0,0,0,0,0,0,0,0,0,0,0,1,0,0,1,0.635086,0,0,0,0,0,3.0394636924,0,0,10.003834798,9.1063448433,9.204390565,21.518247244,10.79405744,0,4.2179799158,3
5.293578,909264,230,0,0,0,0,0,0,0,1,0,0,0,0,0,0,0,0,0,1,1,1,0,0,1,1,0,0,1,0,0,1,0,0,0,0,1,0,0,0,0,0,0,0,0,0,0,0,0,0,0,1,2.8489562007,0,0,10.179938953,8.755480529,8.5485372513,19.138951582,10.853599749,0,5.6737882867,9
2.654936,924248,306,0,0,0,0,0,0,0,0,0,0,0,0,0,0,0,1,0,0,0,0,0,0,0,0,0,0,1,0,1,0,0,0,1,0,0,0,1,0,0,0,0,0,0,0,0.770379,0,0,0,4.9079778596,0,2.9762225287,0,0,10.286534739,8.7162113922,8.7121246012,21.756550177,14.591372756,0,2.160701274,10
3.20841,971773,1158,1,0,0,0,1,0,0,0,0,0,0,0,0,0,0,0,1,0,0,1,1,0,0,0,0,1,1,0,1,0,1,0,1,1,0,0,0,0,0,1,0,0,0,0,0,0,0,0,0,0,2.9223297099,0,0,8.8816005533,8.4627762221,8.5256898879,18.752996197,9.9208505412,0,4.1627794705,10
3.559931,910784,1129,1,0,1,0,0,0,0,0,0,0,0,0,0,0,0,0,1,0,0,1,0,0,0,0,0,0,1,0,1,0,0,0,0,0,0,0,0,0,0,1,0,0,0,0,0,0,3.1694195397,0,0,0,2.7731873637,0,0,9.4480264448,8.1521646816,8.3427107252,19.196949072,9.0332286474,0,3.1729735871,5
4.612058,909756,326,0,0,0,0,0,0,0,0,0,0,0,0,0,0,0,0,0,0,0,0,0,0,0,0,0,0,1,0,1,0,0,0,1,0,0,0,0,0,0,1,0,0,0,0,0,0,0,0,0,0,2.8475138,0,0,9.933029521,9.3930114186,8.4369559448,20.367287435,12.196426895,0,4.3014358146,1
0.897979,925343,30,0,0,0,0,0,0,0,0,0,0,0,0,0,0,0,1,0,0,0,1,0,0,0,0,0,1,1,0,1,0,1,0,0,1,0,0,0,0,0,1,0,0,0,0,0,1,0,0,0,1,2.9962981835,0,0,10.189126272,8.8162974431,8.2373848904,18.579263139,13.013508287,0,0.7548190408,7
4.870913,909759,290,0,0,0,0,0,0,0,0,0,0,0,0,0,0,0,0,0,0,0,1,0,0,0,0,0,0,0,1,0,1,1,0,0,0,0,0,0,0,0,0,0,0,0,0,0,0,0,0,0,0,3.0146730322,0,0,9.237139029,8.4702744104,7.4905298784,18.879786744,11.507563933,0,5.0363153204,5
2.688384,971773,38,0,1,0,0,1,0,1,1,0,1,0,0,0,0,0,0,0,0,0,1,0,1,0,0,0,0,1,0,1,0,0,0,1,0,0,0,0,0,0,1,0,0,0,0,0,0,0,0,0,0,2.9223297099,0,-3,8.8816005533,8.4627762221,8.5256898879,18.752996197,9.9208505412,0,1.5593686458,1
4.561841,909754,6,0,0,0,0,0,0,0,1,0,0,0,0,0,1,0,0,0,0,1,1,0,0,0,0,0,0,1,0,0,1,1,0,0,1,0,0,0,0,0,1,0,0.874992,3.482301125,2,1.249564,4,12.400271453,2,14.35521576,4,3.2239404416,0,0,10.807558704,8.9081237696,9.3022917015,24.001803288,16.699368639,2,4.5651157541,6
1.143136,925343,29,0,0,0,0,0,0,0,1,0,0,0,0,0,0,1,0,1,0,1,1,0,0,1,0,0,0,1,1,1,1,1,0,0,1,0,0,0,0,0,0,0,0,0,0,0,1,0,0,0,1,2.9962981835,0,0,10.189126272,8.8162974431,8.2373848904,18.579263139,13.013508287,0,0.8977343176,10
4.628062,906999,1032,1,0,0,0,1,0,0,1,0,0,0,1,0,0,0,0,0,0,0,1,0,0,0,0,0,0,1,0,1,0,1,0,1,0,0,0,0,0,0,0,0,0.7194,3.6102271394,1,0.7194,1,7.3829576608,1,2.9446837949,1,3.0495934171,3.165542488,0,9.9476808172,9.3831420839,8.7083086013,23.755134442,11.830576137,2,3.6039216196,3
5.301291,909732,304,0,0,1,0,0,0,0,0,0,0,0,0,0,0,0,0,1,0,0,1,0,0,1,0,0,0,1,0,1,0,0,0,0,0,0,0,0,0,0,1,0,0,0,0,0,0,0,0,0,1,2.973266203,0,0,10.857390724,8.2620767107,8.4660243758,21.864805491,10.66951928,0,4.5899323525,7
1.660518,909720,1042,1,0,0,0,0,0,0,1,0,1,1,0,0,0,0,1,1,0,1,1,0,1,0,0,0,0,1,0,1,0,0,0,1,0,1,1,0,0,0,0,0,0,0,0,0,0,0,0,0,0,3.0099116771,0,0,9.0894024505,8.2986888893,8.1706134297,17.631371436,12.114078001,0,3.4318843039,6
0.96316,907298,1242,1,0,0,0,0,0,0,0,0,1,1,0,0,0,0,0,0,0,1,1,0,1,0,0,0,0,1,0,0,0,1,0,0,0,0,0,0,1,1,0,0,0,0,0,0,0,0,0,0,0,2.976818149,0,0,11.151804899,8.4640050836,8.4112568406,19.341029083,9.6827849299,0,-1.018441568,8
0.529282,971773,167,0,0,0,0,0,0,0,0,0,0,1,0,0,0,1,0,0,1,1,1,0,0,1,0,0,0,1,0,0,0,0,0,0,0,1,0,0,0,0,1,0,0,0,0,0,0,0,0,0,0,2.9223297099,0,0,8.8816005533,8.4627762221,8.5256898879,18.752996197,9.9208505412,0,0.6913068273,8
5.115311,909754,1015,1,1,0,0,0,0,0,1,0,0,0,0,0,0,0,0,0,0,0,1,0,0,0,0,0,0,1,0,0,1,1,0,0,0,0,0,0,0,0,0,0,0.874992,3.482301125,2,1.249564,4,12.400271453,2,14.35521576,4,3.2239404416,0,0,10.807558704,8.9081237696,9.3022917015,24.001803288,16.699368639,2,5.6448225996,2
3.687342,924248,249,0,0,0,0,0,0,1,1,0,0,0,0,0,0,0,1,0,0,0,1,0,1,0,0,0,0,1,0,0,0,0,0,0,0,0,0,0,0,0,0,1,0,0,0,0.770379,0,0,0,4.9079778596,0,2.9762225287,0,0,10.286534739,8.7162113922,8.7121246012,21.756550177,14.591372756,0,3.5624693891,5
3.762824,909720,281,0,0,0,0,0,0,0,1,0,0,1,0,0,0,1,0,1,1,1,1,1,0,1,0,0,0,1,1,0,1,1,0,1,0,0,0,0,0,0,0,0,0,0,0,0,0,0,0,0,0,3.0099116771,0,0,9.0894024505,8.2986888893,8.1706134297,17.631371436,12.114078001,0,4.2040870522,8
-3.613874,925343,83,0,0,0,0,0,0,0,1,0,0,0,0,0,0,1,0,1,0,1,1,1,0,1,0,0,0,1,0,0,0,1,0,0,1,0,0,0,0,0,1,0,0,0,0,0,1,0,0,0,1,2.9962981835,0,0,10.189126272,8.8162974431,8.2373848904,18.579263139,13.013508287,0,-2.605267983,9
3.694797,925343,1049,1,0,0,0,0,0,0,0,0,0,0,0,0,0,0,0,0,0,1,1,0,1,1,0,0,0,1,0,1,0,0,0,0,0,0,0,0,0,0,0,0,0,0,0,0,1,0,0,0,1,2.9962981835,0,0,10.189126272,8.8162974431,8.2373848904,18.579263139,13.013508287,0,2.9648760582,2
1.801294,909720,152,0,0,0,0,0,0,1,1,0,0,0,0,0,0,0,1,0,0,0,1,0,0,0,0,0,0,1,0,1,0,0,0,0,0,1,1,0,0,0,1,0,0,0,0,0,0,0,0,0,0,3.0099116771,0,0,9.0894024505,8.2986888893,8.1706134297,17.631371436,12.114078001,0,1.4463585276,8
1.683924,909732,254,0,0,0,1,0,0,0,0,0,0,0,0,0,0,0,1,1,0,0,1,0,0,0,0,0,0,1,0,1,1,0,0,1,0,0,0,0,0,0,1,0,0,0,0,0,0,0,0,0,1,2.973266203,0,0,10.857390724,8.2620767107,8.4660243758,21.864805491,10.66951928,0,2.1419053465,1
4.668855,909754,1021,1,0,0,0,0,0,0,1,1,0,0,0,0,0,0,0,0,0,0,1,0,0,0,0,0,0,1,0,0,0,1,0,0,1,1,0,1,0,0,0,0,0.874992,3.482301125,2,1.249564,4,12.400271453,2,14.35521576,4,3.2239404416,0,0,10.807558704,8.9081237696,9.3022917015,24.001803288,16.699368639,2,3.6626695978,6
1.058039,909716,1142,1,0,0,1,0,0,0,0,0,0,0,0,0,0,0,0,0,0,0,1,0,0,0,0,0,0,1,0,1,1,1,0,0,1,0,0,0,0,0,0,0,0,0,1,0.635086,0,0,0,0,0,3.0394636924,0,0,10.003834798,9.1063448433,9.204390565,21.518247244,10.79405744,0,0.7405231497,4
2.551989,909756,1,0,0,0,0,0,0,1,1,0,0,0,0,0,0,0,1,0,0,0,1,0,0,0,0,0,0,1,0,1,0,0,0,0,0,0,0,0,0,0,0,0,0,0,0,0,0,0,0,0,0,2.8475138,0,0,9.933029521,9.3930114186,8.4369559448,20.367287435,12.196426895,0,2.0367009756,7
3.380237,907298,298,0,0,0,0,0,0,0,1,0,0,0,0,0,0,0,1,0,0,1,1,0,0,1,0,0,0,1,0,0,1,0,0,0,0,0,0,1,0,0,0,0,0,0,0,0,0,0,0,0,0,2.976818149,0,0,11.151804899,8.4640050836,8.4112568406,19.341029083,9.6827849299,0,3.9847206388,4
2.242484,971773,119,0,0,0,0,0,0,0,1,0,0,0,1,0,0,1,1,1,0,0,1,1,1,1,0,0,0,1,0,1,0,1,0,1,0,0,0,0,0,0,0,0,0,0,0,0,0,0,0,0,0,2.9223297099,0,0,8.8816005533,8.4627762221,8.5256898879,18.752996197,9.9208505412,0,2.075267606,3
3.463312,909732,291,0,1,0,0,0,0,0,1,0,0,0,1,1,0,0,0,0,0,0,1,0,0,1,0,0,0,1,1,0,0,0,0,0,0,0,0,0,0,0,1,0,0,0,0,0,0,0,0,0,1,2.973266203,0,0,10.857390724,8.2620767107,8.4660243758,21.864805491,10.66951928,0,3.6616294741,6
2.092354,909756,275,0,0,0,0,0,0,0,1,0,0,0,0,0,0,0,1,0,0,0,1,0,1,1,0,0,0,1,0,1,0,0,0,0,1,1,0,0,0,0,1,0,0,0,0,0,0,0,0,0,0,2.8475138,0,0,9.933029521,9.3930114186,8.4369559448,20.367287435,12.196426895,0,2.5072176191,2
4.035286,907298,257,0,0,0,0,1,0,0,0,0,0,0,0,0,0,0,0,1,0,0,1,1,0,0,0,0,1,1,0,1,0,1,0,1,1,0,0,0,0,0,1,0,0,0,0,0,0,0,0,0,0,2.976818149,0,0,11.151804899,8.4640050836,8.4112568406,19.341029083,9.6827849299,0,2.1593546572,4
1.265197,907298,1028,1,0,0,0,0,0,0,0,0,0,0,0,0,0,0,0,0,0,0,1,0,0,1,0,0,0,1,0,1,1,1,0,0,0,0,0,0,0,0,0,0,0,0,0,0,0,0,0,0,0,2.976818149,0,0,11.151804899,8.4640050836,8.4112568406,19.341029083,9.6827849299,0,2.2791169882,8
1.600065,1240215,1015,1,1,0,0,0,0,0,1,0,0,0,0,0,0,0,0,0,0,0,1,0,0,0,0,0,0,1,0,0,1,1,0,0,0,0,0,0,0,0,0,0,0,0,0,0,0,6.5996007032,1,0,0,3.0662629843,0,0,9.7897319206,9.5000439039,8.3461885734,18.613933282,12.102026295,0,1.9277059693,6
1.484454,971773,1372,1,0,0,0,0,0,0,0,0,0,0,0,0,0,0,0,0,0,0,0,0,0,0,1,0,0,1,0,1,1,0,0,0,1,0,0,0,0,0,0,0,0,0,0,0,0,0,0,0,0,2.9223297099,0,0,8.8816005533,8.4627762221,8.5256898879,18.752996197,9.9208505412,0,0.1244248838,3
-3.689043,909759,53,0,0,0,0,0,0,0,0,0,0,0,1,0,0,0,0,0,0,0,1,0,0,0,0,0,0,1,0,1,0,0,0,0,0,0,0,0,0,1,0,0,0,0,0,0,0,0,0,0,0,3.0146730322,0,0,9.237139029,8.4702744104,7.4905298784,18.879786744,11.507563933,0,-1.910553186,4
3.519515,925343,91,0,0,1,0,0,0,1,0,1,0,0,0,0,0,0,1,0,0,0,1,0,1,0,0,0,0,1,1,1,0,0,0,0,0,0,0,0,0,0,1,0,0,0,0,0,1,0,0,0,1,2.9962981835,0,0,10.189126272,8.8162974431,8.2373848904,18.579263139,13.013508287,0,3.1850434918,10
4.317229,909720,288,0,0,0,0,0,0,1,1,0,0,0,0,0,0,0,1,0,0,0,1,0,0,0,0,0,0,1,0,1,0,0,0,0,0,0,0,0,0,1,0,0,0,0,0,0,0,0,0,0,0,3.0099116771,0,0,9.0894024505,8.2986888893,8.1706134297,17.631371436,12.114078001,0,4.2213442667,10
3.986049,910784,192,0,0,0,0,0,0,0,0,0,0,0,0,0,0,0,0,0,0,0,0,0,0,0,0,0,0,1,0,0,0,0,0,0,0,0,0,0,0,0,0,0,0,0,0,0,0,3.1694195397,0,0,0,2.7731873637,0,0,9.4480264448,8.1521646816,8.3427107252,19.196949072,9.0332286474,0,4.176590834,10
4.382623,909716,1373,1,0,0,0,0,0,0,0,0,0,0,0,0,0,0,0,0,0,0,1,0,0,1,0,0,0,1,0,1,0,0,0,0,0,0,0,0,0,0,0,0,0,0,1,0.635086,0,0,0,0,0,3.0394636924,0,0,10.003834798,9.1063448433,9.204390565,21.518247244,10.79405744,0,3.1915281112,10
1.841675,907298,301,0,0,0,0,0,0,0,0,0,0,0,0,0,0,0,0,0,0,0,1,0,0,0,0,0,0,0,0,0,0,0,0,0,1,1,1,0,0,0,1,0,0,0,0,0,0,0,0,0,0,2.976818149,0,0,11.151804899,8.4640050836,8.4112568406,19.341029083,9.6827849299,0,0.9363302109,7
1.101139,971773,294,0,0,0,1,1,0,0,0,0,0,0,0,0,0,0,0,0,0,0,1,0,0,0,0,0,0,1,0,1,0,0,0,1,0,0,0,0,0,1,0,0,0,0,0,0,0,0,0,0,0,2.9223297099,0,0,8.8816005533,8.4627762221,8.5256898879,18.752996197,9.9208505412,0,2.236712675,9
-0.860341,1299061,153,0,0,1,0,0,0,0,1,0,0,1,0,0,0,1,0,1,1,1,1,1,0,1,0,0,0,1,0,0,0,1,0,1,1,0,0,0,0,0,1,0,0,0,0,0,0,5.924603939,0,0,0,3.181275322,0,0,11.527623475,8.7989567731,8.2649243614,19.027614517,10.63934132,0,-0.84077838,8
0.878121,971773,282,0,0,0,0,1,0,0,1,0,0,0,1,0,0,0,0,0,0,0,1,0,1,1,0,0,0,1,1,0,0,1,0,1,0,0,0,0,0,0,0,0,0,0,0,0,0,0,0,0,0,2.9223297099,0,0,8.8816005533,8.4627762221,8.5256898879,18.752996197,9.9208505412,0,1.5678887858,5
2.714024,924248,38,0,1,0,0,1,0,1,1,0,1,0,0,0,0,0,0,0,0,0,1,0,1,0,0,0,0,1,0,1,0,0,0,1,0,0,0,0,0,0,1,0,0,0,0,0.770379,0,0,0,4.9079778596,0,2.9762225287,0,0,10.286534739,8.7162113922,8.7121246012,21.756550177,14.591372756,0,1.3518770555,2
5.560506,924248,193,0,0,0,0,0,0,1,0,0,0,0,0,0,0,0,0,0,0,0,1,0,1,1,0,0,0,1,0,1,0,0,0,0,0,0,0,0,0,0,0,0,0,0,0,0.770379,0,0,0,4.9079778596,0,2.9762225287,0,0,10.286534739,8.7162113922,8.7121246012,21.756550177,14.591372756,0,4.4479838159,3
1.49647,924248,301,0,0,0,0,0,0,0,0,0,0,0,0,0,0,0,0,0,0,0,1,0,0,0,0,0,0,0,0,0,0,0,0,0,1,1,1,0,0,0,1,0,0,0,0,0.770379,0,0,0,4.9079778596,0,2.9762225287,0,0,10.286534739,8.7162113922,8.7121246012,21.756550177,14.591372756,0,2.2952373465,6
4.195677,1240166,253,0,0,0,0,1,0,0,0,0,0,0,0,0,0,0,0,0,0,0,1,0,0,0,0,0,0,1,0,1,1,0,1,1,0,0,0,0,0,0,1,0,0,0,0,0,1,0,0,2.7966849473,0,3.0238717604,0,0,11.482168397,10.167713696,8.8557395336,20.400662619,11.724299341,0,4.0847112333,3
2.179785,1240166,306,0,0,0,0,0,0,0,0,0,0,0,0,0,0,0,1,0,0,0,0,0,0,0,0,0,0,1,0,1,0,0,0,1,0,0,0,1,0,0,0,0,0,0,0,0,1,0,0,2.7966849473,0,3.0238717604,0,0,11.482168397,10.167713696,8.8557395336,20.400662619,11.724299341,0,2.2759968521,8
2.571082,1299061,1019,1,1,0,0,0,0,1,1,0,0,0,0,0,0,0,1,0,0,0,1,0,1,1,0,0,0,1,1,0,0,0,0,0,0,0,0,0,0,0,1,0,0,0,0,0,0,5.924603939,0,0,0,3.181275322,0,0,11.527623475,8.7989567731,8.2649243614,19.027614517,10.63934132,0,1.9113070908,3
0.084633,971773,256,0,0,0,0,0,0,0,1,0,0,0,0,0,0,1,0,1,0,1,1,1,1,1,0,0,0,1,0,0,0,1,0,0,0,0,0,0,0,0,1,0,0,0,0,0,0,0,0,0,0,2.9223297099,0,0,8.8816005533,8.4627762221,8.5256898879,18.752996197,9.9208505412,0,1.5490177871,4
0.519185,910784,219,0,0,0,0,0,0,0,0,0,0,0,0,0,0,0,0,0,0,0,1,0,0,0,0,0,0,1,0,0,1,0,1,0,1,1,0,0,0,0,1,0,0,0,0,0,0,3.1694195397,0,0,0,2.7731873637,0,0,9.4480264448,8.1521646816,8.3427107252,19.196949072,9.0332286474,0,-0.366400326,3
2.810843,971773,221,0,0,0,0,0,0,0,0,0,0,0,0,0,0,1,0,0,0,0,1,0,0,1,0,0,0,1,0,1,0,1,0,0,0,0,0,0,0,0,0,0,0,0,0,0,0,0,0,0,0,2.9223297099,0,0,8.8816005533,8.4627762221,8.5256898879,18.752996197,9.9208505412,0,4.4335272876,7
2.120033,971773,1194,1,0,0,0,0,0,1,0,0,0,0,0,0,0,0,0,0,0,0,1,0,1,1,0,0,0,1,0,1,0,0,0,0,0,0,0,0,0,0,1,0,0,0,0,0,0,0,0,0,0,2.9223297099,0,0,8.8816005533,8.4627762221,8.5256898879,18.752996197,9.9208505412,0,4.7479080536,1
0.272289,1240166,301,0,0,0,0,0,0,0,0,0,0,0,0,0,0,0,0,0,0,0,1,0,0,0,0,0,0,0,0,0,0,0,0,0,1,1,1,0,0,0,1,0,0,0,0,0,1,0,0,2.7966849473,0,3.0238717604,0,0,11.482168397,10.167713696,8.8557395336,20.400662619,11.724299341,0,1.0173087379,3
-3.052443,908127,1057,1,0,0,0,0,0,0,1,0,0,0,0,0,0,1,0,1,0,1,1,0,0,1,0,0,0,1,1,1,0,0,0,0,1,0,0,0,0,0,1,0,0,0,1,1.27964,1,0,0,0,1,3.0421537126,0,0,10.037693787,8.9938650804,8.3185333971,19.139495065,12.828822864,0,-3.417199135,7
-2.212686,909759,32,0,0,0,0,0,0,0,0,0,0,0,0,0,0,0,0,0,0,0,0,0,0,0,0,0,0,1,0,1,0,0,0,0,0,1,1,0,0,0,1,0,0,0,0,0,0,0,0,0,0,3.0146730322,0,0,9.237139029,8.4702744104,7.4905298784,18.879786744,11.507563933,0,-1.413830921,3
3.356079,909720,199,0,0,0,0,0,0,0,1,1,0,0,0,0,0,0,0,1,0,0,1,0,0,0,0,0,0,1,0,1,0,0,0,0,0,1,0,1,0,0,0,0,0,0,0,0,0,0,0,0,0,3.0099116771,0,0,9.0894024505,8.2986888893,8.1706134297,17.631371436,12.114078001,0,2.7035169505,7
4.683381,906999,260,0,0,0,0,0,0,0,0,0,1,1,0,0,0,0,0,1,1,1,1,0,1,0,0,0,1,1,0,1,0,1,0,0,0,0,0,0,0,0,1,0,0.7194,3.6102271394,1,0.7194,1,7.3829576608,1,2.9446837949,1,3.0495934171,0,0,9.9476808172,9.3831420839,8.7083086013,23.755134442,11.830576137,2,4.4800690608,5
1.687852,1240215,152,0,0,0,0,0,0,1,1,0,0,0,0,0,0,0,1,0,0,0,1,0,0,0,0,0,0,1,0,1,0,0,0,0,0,1,1,0,0,0,1,0,0,0,0,0,0,6.5996007032,1,0,0,3.0662629843,0,0,9.7897319206,9.5000439039,8.3461885734,18.613933282,12.102026295,0,1.9284105998,3
-0.165077,971773,1060,1,0,0,0,0,0,0,1,0,0,0,0,0,0,0,0,0,0,0,1,0,0,0,0,0,0,1,0,0,1,1,0,0,0,0,0,0,0,1,0,0,0,0,0,0,0,0,0,0,0,2.9223297099,0,0,8.8816005533,8.4627762221,8.5256898879,18.752996197,9.9208505412,0,0.1035265925,5
0.565162,971774,1022,1,0,0,0,0,0,0,0,0,0,0,0,0,0,0,0,0,0,0,1,0,0,1,0,0,0,1,0,1,1,0,0,0,1,0,0,1,0,0,1,0,0.807544,3.165283691,0,0.726215,1,3.4190544056,1,4.2084771202,1,3.0918643898,0,0,11.706620878,9.1123914875,8.9001265462,18.080785351,12.757518026,0,-0.355097695,2
3.633138,971773,1129,1,0,1,0,0,0,0,0,0,0,0,0,0,0,0,0,1,0,0,1,0,0,0,0,0,0,1,0,1,0,0,0,0,0,0,0,0,0,0,1,0,0,0,0,0,0,0,0,0,0,2.9223297099,0,0,8.8816005533,8.4627762221,8.5256898879,18.752996197,9.9208505412,0,3.1478277716,8
-0.142593,909759,178,0,0,0,0,0,0,1,0,0,0,0,0,0,0,0,0,0,0,0,1,0,1,0,0,0,0,1,0,1,1,1,0,0,0,0,0,0,0,0,1,0,0,0,0,0,0,0,0,0,0,3.0146730322,0,0,9.237139029,8.4702744104,7.4905298784,18.879786744,11.507563933,0,-0.289101522,2
-1.044591,1240210,1059,1,0,0,0,0,0,0,0,0,1,0,0,0,0,1,0,0,0,0,1,0,1,1,0,0,0,1,0,1,0,0,0,1,0,0,0,0,0,1,0,0,0,0,0,0,0,3.3913998776,0,0,1,2.9949189991,0,0,10.228550361,8.5071086764,8.3609990245,18.427721333,11.096510538,1,0.1687398589,8
0.882337,910784,301,0,0,0,0,0,0,0,0,0,0,0,0,0,0,0,0,0,0,0,1,0,0,0,0,0,0,0,0,0,0,0,0,0,1,1,1,0,0,0,1,0,0,0,0,0,0,3.1694195397,0,0,0,2.7731873637,0,0,9.4480264448,8.1521646816,8.3427107252,19.196949072,9.0332286474,0,1.1544007187,9
0.647508,909720,1054,1,0,0,0,0,0,0,0,0,0,0,0,0,0,0,0,0,0,1,1,0,0,0,0,0,0,1,0,1,1,0,0,0,1,0,0,0,0,0,1,1,0,0,0,0,0,0,0,0,0,3.0099116771,0,0,9.0894024505,8.2986888893,8.1706134297,17.631371436,12.114078001,0,1.016633162,9
-2.355068,909759,1242,1,0,0,0,0,0,0,0,0,1,1,0,0,0,0,0,0,0,1,1,0,1,0,0,0,0,1,0,0,0,1,0,0,0,0,0,0,1,1,0,0,0,0,0,0,0,0,0,0,0,3.0146730322,0,0,9.237139029,8.4702744104,7.4905298784,18.879786744,11.507563933,0,-2.135475035,9
2.327336,910784,229,0,0,0,0,0,0,0,1,0,0,0,0,0,0,0,0,0,0,1,1,1,0,1,0,0,0,1,0,0,0,0,0,0,0,0,0,0,0,0,1,0,0,0,0,0,0,3.1694195397,0,0,0,2.7731873637,0,0,9.4480264448,8.1521646816,8.3427107252,19.196949072,9.0332286474,0,2.6431290923,4
5.681305,909716,345,0,0,0,0,0,0,0,1,0,0,1,0,0,0,0,0,1,0,1,1,0,0,0,0,1,0,1,0,1,0,1,0,0,0,0,0,0,0,0,0,0,0,0,1,0.635086,0,0,0,0,0,3.0394636924,0,0,10.003834798,9.1063448433,9.204390565,21.518247244,10.79405744,0,4.2948399271,3
5.515973,909754,178,0,0,0,0,0,0,1,0,0,0,0,0,0,0,0,0,0,0,0,1,0,1,0,0,0,0,1,0,1,1,1,0,0,0,0,0,0,0,0,1,0,0.874992,3.482301125,2,1.249564,4,12.400271453,2,14.35521576,4,3.2239404416,0,0,10.807558704,8.9081237696,9.3022917015,24.001803288,16.699368639,2,3.8577335325,5
-0.125357,909716,219,0,0,0,0,0,0,0,0,0,0,0,0,0,0,0,0,0,0,0,1,0,0,0,0,0,0,1,0,0,1,0,1,0,1,1,0,0,0,0,1,0,0,0,1,0.635086,0,0,0,0,0,3.0394636924,0,0,10.003834798,9.1063448433,9.204390565,21.518247244,10.79405744,0,-0.353971914,8
5.268547,925343,304,0,0,1,0,0,0,0,0,0,0,0,0,0,0,0,0,1,0,0,1,0,0,1,0,0,0,1,0,1,0,0,0,0,0,0,0,0,0,0,1,0,0,0,0,0,1,0,0,0,1,2.9962981835,0,0,10.189126272,8.8162974431,8.2373848904,18.579263139,13.013508287,0,5.6398260796,3
0.048274,1240210,308,0,0,0,0,0,0,1,1,0,0,0,0,0,0,0,1,0,0,0,1,0,1,0,0,0,0,1,0,0,0,0,0,1,0,0,0,0,0,0,0,1,0,0,0,0,0,3.3913998776,0,0,1,2.9949189991,0,0,10.228550361,8.5071086764,8.3609990245,18.427721333,11.096510538,1,0.0775448241,8
0.831391,924248,235,0,0,0,0,0,0,0,1,0,0,0,0,0,0,1,0,1,0,1,1,1,0,1,0,0,0,1,0,0,0,1,0,0,1,1,0,0,0,0,0,0,0,0,0,0.770379,0,0,0,4.9079778596,0,2.9762225287,0,0,10.286534739,8.7162113922,8.7121246012,21.756550177,14.591372756,0,0.8783094046,2
2.284541,909732,277,0,0,0,0,0,0,0,1,0,0,1,0,0,0,0,0,1,0,1,1,0,0,1,0,0,0,1,0,1,0,0,0,0,0,1,1,0,0,0,0,0,0,0,0,0,0,0,0,0,1,2.973266203,0,0,10.857390724,8.2620767107,8.4660243758,21.864805491,10.66951928,0,1.4798577241,5
4.889695,906999,309,0,0,0,0,0,0,0,0,0,0,0,0,0,0,0,0,0,1,0,1,0,0,1,0,0,0,1,0,1,0,1,0,0,0,0,0,0,0,0,0,0,0.7194,3.6102271394,1,0.7194,1,7.3829576608,1,2.9446837949,1,3.0495934171,0,0,9.9476808172,9.3831420839,8.7083086013,23.755134442,11.830576137,2,5.0477557518,1
2.299485,909716,277,0,0,0,0,0,0,0,1,0,0,1,0,0,0,0,0,1,0,1,1,0,0,1,0,0,0,1,0,1,0,0,0,0,0,1,1,0,0,0,0,0,0,0,1,0.635086,0,0,0,0,0,3.0394636924,0,0,10.003834798,9.1063448433,9.204390565,21.518247244,10.79405744,0,2.650554174,6
0.178464,909756,178,0,0,0,0,0,0,1,0,0,0,0,0,0,0,0,0,0,0,0,1,0,1,0,0,0,0,1,0,1,1,1,0,0,0,0,0,0,0,0,1,0,0,0,0,0,0,0,0,0,0,2.8475138,0,0,9.933029521,9.3930114186,8.4369559448,20.367287435,12.196426895,0,0.4722814779,5
2.696146,971773,34,0,0,0,0,0,0,0,1,0,0,0,0,0,0,0,0,1,1,0,1,0,0,0,0,0,0,1,0,1,0,1,0,0,0,0,0,0,0,0,1,0,0,0,0,0,0,0,0,0,0,2.9223297099,0,0,8.8816005533,8.4627762221,8.5256898879,18.752996197,9.9208505412,0,2.5388143877,10
4.921086,925343,221,0,0,0,0,0,0,0,0,0,0,0,0,0,0,1,0,0,0,0,1,0,0,1,0,0,0,1,0,1,0,1,0,0,0,0,0,0,0,0,0,0,0,0,0,0,1,0,0,0,1,2.9962981835,0,0,10.189126272,8.8162974431,8.2373848904,18.579263139,13.013508287,0,4.4447454918,4
1.731612,907298,1050,1,0,0,0,0,0,1,1,0,0,0,0,0,0,0,1,0,0,0,1,0,0,0,0,0,0,1,0,1,0,1,0,1,0,0,0,0,0,0,0,0,0,0,0,0,0,0,0,0,0,2.976818149,0,0,11.151804899,8.4640050836,8.4112568406,19.341029083,9.6827849299,0,2.2356325456,10
6.167212,909754,193,0,0,0,0,0,0,1,0,0,0,0,0,0,0,0,0,0,0,0,1,0,1,1,0,0,0,1,0,1,0,0,0,0,0,0,0,0,0,0,0,0,0.874992,3.482301125,2,1.249564,4,12.400271453,2,14.35521576,4,3.2239404416,0,0,10.807558704,8.9081237696,9.3022917015,24.001803288,16.699368639,2,6.2594443101,3
-0.170665,909756,184,0,0,0,0,0,0,0,0,0,0,0,0,0,0,0,0,0,0,0,0,0,0,0,0,0,0,1,0,1,0,0,0,0,0,1,1,0,0,0,1,0,0,0,0,0,0,0,0,0,0,2.8475138,0,0,9.933029521,9.3930114186,8.4369559448,20.367287435,12.196426895,0,0.2999997331,8
5.281563,909264,263,0,0,0,0,0,0,0,0,0,0,0,0,0,0,0,0,0,0,0,1,0,0,1,0,0,0,1,0,0,0,0,0,0,0,1,1,0,0,0,0,0,0,0,0,0,0,0,0,0,1,2.8489562007,0,0,10.179938953,8.755480529,8.5485372513,19.138951582,10.853599749,0,5.3448197844,1
5.768618,1240215,263,0,0,0,0,0,0,0,0,0,0,0,0,0,0,0,0,0,0,0,1,0,0,1,0,0,0,1,0,0,0,0,0,0,0,1,1,0,0,0,0,0,0,0,0,0,0,6.5996007032,1,0,0,3.0662629843,0,0,9.7897319206,9.5000439039,8.3461885734,18.613933282,12.102026295,0,5.2031809593,9
1.656909,908127,202,0,0,0,0,1,0,0,1,0,1,0,0,0,0,1,0,0,0,0,1,1,1,1,0,0,0,1,0,1,0,1,0,1,0,0,0,0,1,0,1,0,0,0,1,1.27964,1,0,0,0,1,3.0421537126,3.360290995,0,10.037693787,8.9938650804,8.3185333971,19.139495065,12.828822864,0,1.3103902529,9
4.219894,924248,177,0,0,0,0,0,0,0,0,0,0,1,0,0,0,1,0,0,1,1,1,0,1,1,0,0,0,1,0,1,0,1,0,0,0,0,0,0,0,1,0,0,0,0,0,0.770379,0,0,0,4.9079778596,0,2.9762225287,0,0,10.286534739,8.7162113922,8.7121246012,21.756550177,14.591372756,0,3.844714836,10
2.786338,908127,1373,1,0,0,0,0,0,0,0,0,0,0,0,0,0,0,0,0,0,0,1,0,0,1,0,0,0,1,0,1,0,0,0,0,0,0,0,0,0,0,0,0,0,0,1,1.27964,1,0,0,0,1,3.0421537126,0,0,10.037693787,8.9938650804,8.3185333971,19.139495065,12.828822864,0,3.8077121948,5
3.593557,1240166,329,0,0,0,0,0,0,0,1,0,0,0,0,0,0,0,0,0,1,0,1,0,0,0,0,0,0,1,0,0,1,1,0,1,0,0,0,0,0,0,0,0,0,0,0,0,1,0,0,2.7966849473,0,3.0238717604,0,0,11.482168397,10.167713696,8.8557395336,20.400662619,11.724299341,0,3.5602128306,1
-0.404072,910784,273,0,0,0,0,0,0,1,1,0,0,0,0,0,0,0,1,0,0,0,1,0,1,0,0,0,0,1,0,1,0,0,0,0,0,0,0,0,0,0,0,0,0,0,0,0,0,3.1694195397,0,0,0,2.7731873637,0,0,9.4480264448,8.1521646816,8.3427107252,19.196949072,9.0332286474,0,-0.715804859,4
1.11086,1240166,29,0,0,0,0,0,0,0,1,0,0,0,0,0,0,1,0,1,0,1,1,0,0,1,0,0,0,1,1,1,1,1,0,0,1,0,0,0,0,0,0,0,0,0,0,0,1,0,0,2.7966849473,0,3.0238717604,0,0,11.482168397,10.167713696,8.8557395336,20.400662619,11.724299341,0,0.8810054832,7
4.614867,909732,59,0,0,0,0,0,0,0,0,0,0,0,0,0,0,0,0,0,0,0,0,0,0,0,0,0,0,1,0,1,0,1,0,0,1,0,0,0,0,0,1,0,0,0,0,0,0,0,0,0,1,2.973266203,0,0,10.857390724,8.2620767107,8.4660243758,21.864805491,10.66951928,0,4.1242231432,6
1.5474118386,908127,1032,1,0,0,0,1,0,0,1,0,0,0,1,0,0,0,0,0,0,0,1,0,0,0,0,0,0,1,0,1,0,1,0,1,0,0,0,0,0,0,0,0,0,0,1,1.27964,1,0,0,0,1,3.0421537126,3.360290995,0,10.037693787,8.9938650804,8.3185333971,19.139495065,12.828822864,0,2.5798122302,3
0.724239,909720,51,0,1,0,0,0,0,0,1,0,0,0,0,1,0,0,0,0,0,0,1,0,0,0,0,0,0,1,0,1,1,1,0,1,0,0,0,0,0,0,1,0,0,0,0,0,0,0,0,0,0,3.0099116771,0,0,9.0894024505,8.2986888893,8.1706134297,17.631371436,12.114078001,0,-0.660750643,5
4.982567,909732,279,0,0,0,0,0,0,0,1,0,0,0,0,0,0,0,0,0,1,0,1,0,0,1,0,0,0,1,0,0,1,1,0,0,1,0,0,0,0,0,0,0,0,0,0,0,0,0,0,0,1,2.973266203,0,0,10.857390724,8.2620767107,8.4660243758,21.864805491,10.66951928,0,4.2681255653,5
4.215275,971774,1043,1,0,0,0,0,0,0,0,0,1,0,0,0,0,0,0,0,0,0,1,0,1,0,0,0,1,1,1,1,0,0,0,0,0,0,0,0,0,0,0,0,0.807544,3.165283691,0,0.726215,1,3.4190544056,1,4.2084771202,1,3.0918643898,0,0,11.706620878,9.1123914875,8.9001265462,18.080785351,12.757518026,0,4.0401842001,5
4.92707,909759,222,0,0,0,0,0,0,0,0,0,0,0,0,0,0,0,0,0,0,0,0,0,0,0,0,0,0,1,0,1,0,0,0,0,1,0,0,0,0,0,1,0,0,0,0,0,0,0,0,0,0,3.0146730322,0,0,9.237139029,8.4702744104,7.4905298784,18.879786744,11.507563933,0,2.7313527885,8
2.179403,1240166,1013,1,0,0,0,0,0,0,1,0,0,0,0,0,0,0,0,0,1,0,1,0,0,0,0,0,0,1,0,1,0,1,0,0,0,0,0,0,0,0,1,0,0,0,0,0,1,0,0,2.7966849473,0,3.0238717604,0,0,11.482168397,10.167713696,8.8557395336,20.400662619,11.724299341,0,1.8633801813,9
4.381437,1240210,260,0,0,0,0,0,0,0,0,0,1,1,0,0,0,0,0,1,1,1,1,0,1,0,0,0,1,1,0,1,0,1,0,0,0,0,0,0,0,0,1,0,0,0,0,0,0,3.3913998776,0,0,1,2.9949189991,0,0,10.228550361,8.5071086764,8.3609990245,18.427721333,11.096510538,1,2.7334067348,9
1.941427,909732,38,0,1,0,0,1,0,1,1,0,1,0,0,0,0,0,0,0,0,0,1,0,1,0,0,0,0,1,0,1,0,0,0,1,0,0,0,0,0,0,1,0,0,0,0,0,0,0,0,0,1,2.973266203,0,-3,10.857390724,8.2620767107,8.4660243758,21.864805491,10.66951928,0,1.3925198841,5
1.183316,1240210,1046,1,0,0,0,0,0,0,1,0,0,1,0,0,0,1,1,1,1,1,1,1,1,1,0,1,0,1,0,0,0,0,0,0,0,0,0,0,0,1,0,0,0,0,0,0,0,3.3913998776,0,0,1,2.9949189991,0,0,10.228550361,8.5071086764,8.3609990245,18.427721333,11.096510538,1,1.3368075823,9
3.200704,909759,1025,1,0,0,0,0,0,0,1,0,0,0,0,0,0,0,0,0,0,1,1,1,0,1,0,0,0,1,0,0,0,0,0,0,0,0,0,0,0,0,0,0,0,0,0,0,0,0,0,0,0,3.0146730322,0,0,9.237139029,8.4702744104,7.4905298784,18.879786744,11.507563933,0,2.3982571489,7
1.316279,971774,1010,1,0,0,0,0,0,1,1,0,0,0,1,0,0,0,1,0,0,0,1,0,0,0,0,0,0,1,0,1,0,0,0,1,0,0,0,0,0,0,0,0,0.807544,3.165283691,0,0.726215,1,3.4190544056,1,4.2084771202,1,3.0918643898,0,0,11.706620878,9.1123914875,8.9001265462,18.080785351,12.757518026,0,1.4160662087,9
2.40839,909756,6,0,0,0,0,0,0,0,1,0,0,0,0,0,1,0,0,0,0,1,1,0,0,0,0,0,0,1,0,0,1,1,0,0,1,0,0,0,0,0,1,0,0,0,0,0,0,0,0,0,0,2.8475138,0,0,9.933029521,9.3930114186,8.4369559448,20.367287435,12.196426895,0,1.8664666004,10
5.655566,909716,290,0,0,0,0,0,0,0,0,0,0,0,0,0,0,0,0,0,0,0,1,0,0,0,0,0,0,0,1,0,1,1,0,0,0,0,0,0,0,0,0,0,0,0,1,0.635086,0,0,0,0,0,3.0394636924,0,0,10.003834798,9.1063448433,9.204390565,21.518247244,10.79405744,0,4.66796356,9
2.378205,909754,86,0,0,0,0,0,0,0,1,0,0,0,0,0,0,1,0,1,0,1,1,0,1,1,0,0,0,1,0,0,0,0,0,1,0,1,0,0,0,0,0,0,0.874992,3.482301125,2,1.249564,4,12.400271453,2,14.35521576,4,3.2239404416,0,0,10.807558704,8.9081237696,9.3022917015,24.001803288,16.699368639,2,3.5629689286,8
1.226832,907298,1013,1,0,0,0,0,0,0,1,0,0,0,0,0,0,0,0,0,1,0,1,0,0,0,0,0,0,1,0,1,0,1,0,0,0,0,0,0,0,0,1,0,0,0,0,0,0,0,0,0,0,2.976818149,0,0,11.151804899,8.4640050836,8.4112568406,19.341029083,9.6827849299,0,1.4139005425,8
3.102343,1240166,152,0,0,0,0,0,0,1,1,0,0,0,0,0,0,0,1,0,0,0,1,0,0,0,0,0,0,1,0,1,0,0,0,0,0,1,1,0,0,0,1,0,0,0,0,0,1,0,0,2.7966849473,0,3.0238717604,0,0,11.482168397,10.167713696,8.8557395336,20.400662619,11.724299341,0,3.3804994554,8
-3.561915,909720,1057,1,0,0,0,0,0,0,1,0,0,0,0,0,0,1,0,1,0,1,1,0,0,1,0,0,0,1,1,1,0,0,0,0,1,0,0,0,0,0,1,0,0,0,0,0,0,0,0,0,0,3.0099116771,0,0,9.0894024505,8.2986888893,8.1706134297,17.631371436,12.114078001,0,-3.121973724,7
5.041685,909716,288,0,0,0,0,0,0,1,1,0,0,0,0,0,0,0,1,0,0,0,1,0,0,0,0,0,0,1,0,1,0,0,0,0,0,0,0,0,0,1,0,0,0,0,1,0.635086,0,0,0,0,0,3.0394636924,0,0,10.003834798,9.1063448433,9.204390565,21.518247244,10.79405744,0,4.3945010666,5
4.644339,909732,192,0,0,0,0,0,0,0,0,0,0,0,0,0,0,0,0,0,0,0,0,0,0,0,0,0,0,1,0,0,0,0,0,0,0,0,0,0,0,0,0,0,0,0,0,0,0,0,0,0,1,2.973266203,0,0,10.857390724,8.2620767107,8.4660243758,21.864805491,10.66951928,0,4.6342081782,1
-2.107172,1299061,155,0,0,0,0,0,0,0,0,0,0,1,0,0,0,1,0,1,1,1,1,0,0,1,0,0,0,1,0,1,0,1,0,0,0,1,0,0,0,0,1,0,0,0,0,0,0,5.924603939,0,0,0,3.181275322,0,0,11.527623475,8.7989567731,8.2649243614,19.027614517,10.63934132,0,-1.560777338,2
4.489753,908127,253,0,0,0,0,1,0,0,0,0,0,0,0,0,0,0,0,0,0,0,1,0,0,0,0,0,0,1,0,1,1,0,1,1,0,0,0,0,0,0,1,0,0,0,1,1.27964,1,0,0,0,1,3.0421537126,3.360290995,0,10.037693787,8.9938650804,8.3185333971,19.139495065,12.828822864,0,4.6200908874,2
1.801731,1240166,1194,1,0,0,0,0,0,1,0,0,0,0,0,0,0,0,0,0,0,0,1,0,1,1,0,0,0,1,0,1,0,0,0,0,0,0,0,0,0,0,1,0,0,0,0,0,1,0,0,2.7966849473,0,3.0238717604,0,0,11.482168397,10.167713696,8.8557395336,20.400662619,11.724299341,0,3.226649182,8
5.704925,909754,1373,1,0,0,0,0,0,0,0,0,0,0,0,0,0,0,0,0,0,0,1,0,0,1,0,0,0,1,0,1,0,0,0,0,0,0,0,0,0,0,0,0,0.874992,3.482301125,2,1.249564,4,12.400271453,2,14.35521576,4,3.2239404416,0,0,10.807558704,8.9081237696,9.3022917015,24.001803288,16.699368639,2,5.5029538215,4
3.881438,925343,110,0,0,0,0,0,0,0,0,0,0,0,0,0,0,0,0,0,0,0,1,0,0,0,0,0,0,1,0,1,0,0,0,1,0,0,0,0,0,1,1,0,0,0,0,0,1,0,0,0,1,2.9962981835,0,0,10.189126272,8.8162974431,8.2373848904,18.579263139,13.013508287,0,1.7758675977,1
-1.126259,909759,55,0,0,0,0,1,0,0,1,0,0,0,0,0,0,0,0,1,0,0,1,1,1,1,0,0,0,1,0,1,0,1,0,1,1,1,0,0,0,0,1,0,0,0,0,0,0,0,0,0,0,3.0146730322,0,0,9.237139029,8.4702744104,7.4905298784,18.879786744,11.507563933,0,0.0729345364,2
-3.053227,925343,51,0,1,0,0,0,0,0,1,0,0,0,0,1,0,0,0,0,0,0,1,0,0,0,0,0,0,1,0,1,1,1,0,1,0,0,0,0,0,0,1,0,0,0,0,0,1,0,0,0,1,2.9962981835,0,0,10.189126272,8.8162974431,8.2373848904,18.579263139,13.013508287,0,-0.6720111,6
4.049073,909759,330,0,0,0,0,0,0,0,1,0,0,0,0,0,0,1,0,0,1,1,1,0,0,1,0,0,0,1,0,0,0,1,0,0,1,1,1,0,0,0,0,0,0,0,0,0,0,0,0,0,0,3.0146730322,0,0,9.237139029,8.4702744104,7.4905298784,18.879786744,11.507563933,0,4.2317495674,1
1.116553,1240215,1142,1,0,0,1,0,0,0,0,0,0,0,0,0,0,0,0,0,0,0,1,0,0,0,0,0,0,1,0,1,1,1,0,0,1,0,0,0,0,0,0,0,0,0,0,0,0,6.5996007032,1,0,0,3.0662629843,0,0,9.7897319206,9.5000439039,8.3461885734,18.613933282,12.102026295,0,0.6821814716,8
0.04998,909754,1024,1,0,1,0,0,0,0,1,0,0,1,0,0,0,1,0,1,1,1,1,1,0,1,0,0,0,1,0,0,0,0,0,1,1,0,0,0,0,1,1,0,0.874992,3.482301125,2,1.249564,4,12.400271453,2,14.35521576,4,3.2239404416,0,0,10.807558704,8.9081237696,9.3022917015,24.001803288,16.699368639,2,1.0664776383,3
1.318607,909716,301,0,0,0,0,0,0,0,0,0,0,0,0,0,0,0,0,0,0,0,1,0,0,0,0,0,0,0,0,0,0,0,0,0,1,1,1,0,0,0,1,0,0,0,1,0.635086,0,0,0,0,0,3.0394636924,0,0,10.003834798,9.1063448433,9.204390565,21.518247244,10.79405744,0,1.499921325,4
2.555621,1240215,277,0,0,0,0,0,0,0,1,0,0,1,0,0,0,0,0,1,0,1,1,0,0,1,0,0,0,1,0,1,0,0,0,0,0,1,1,0,0,0,0,0,0,0,0,0,0,6.5996007032,1,0,0,3.0662629843,0,0,9.7897319206,9.5000439039,8.3461885734,18.613933282,12.102026295,0,1.7357056756,6
4.221705,1240215,326,0,0,0,0,0,0,0,0,0,0,0,0,0,0,0,0,0,0,0,0,0,0,0,0,0,0,1,0,1,0,0,0,1,0,0,0,0,0,0,1,0,0,0,0,0,0,6.5996007032,1,0,0,3.0662629843,0,0,9.7897319206,9.5000439039,8.3461885734,18.613933282,12.102026295,0,4.2802111597,6
5.125654,909732,293,0,0,0,0,0,0,1,0,0,1,0,0,0,0,0,0,0,0,0,1,0,1,0,0,0,0,1,0,1,1,1,0,1,0,0,0,0,0,0,1,0,0,0,0,0,0,0,0,0,1,2.973266203,0,-3,10.857390724,8.2620767107,8.4660243758,21.864805491,10.66951928,0,4.6639948451,7
5.199552,1299061,1030,1,0,0,0,0,0,0,0,1,0,0,0,0,1,0,0,0,0,0,1,0,1,1,0,0,0,1,0,0,1,1,0,1,1,0,0,0,1,0,0,1,0,0,0,0,0,5.924603939,0,0,0,3.181275322,0,0,11.527623475,8.7989567731,8.2649243614,19.027614517,10.63934132,0,3.8195123874,9
2.522028,909759,254,0,0,0,1,0,0,0,0,0,0,0,0,0,0,0,1,1,0,0,1,0,0,0,0,0,0,1,0,1,1,0,0,1,0,0,0,0,0,0,1,0,0,0,0,0,0,0,0,0,0,3.0146730322,0,0,9.237139029,8.4702744104,7.4905298784,18.879786744,11.507563933,0,2.1429705709,10
-0.807702,907298,302,0,0,0,0,0,0,0,0,0,0,0,0,0,0,0,0,0,0,0,1,0,0,0,0,0,0,1,0,1,1,1,0,1,1,0,0,0,0,1,0,0,0,0,0,0,0,0,0,0,0,2.976818149,0,0,11.151804899,8.4640050836,8.4112568406,19.341029083,9.6827849299,0,0.754026626,6
1.670084,908127,1049,1,0,0,0,0,0,0,0,0,0,0,0,0,0,0,0,0,0,1,1,0,1,1,0,0,0,1,0,1,0,0,0,0,0,0,0,0,0,0,0,0,0,0,1,1.27964,1,0,0,0,1,3.0421537126,0,0,10.037693787,8.9938650804,8.3185333971,19.139495065,12.828822864,0,1.8667870554,10
3.913237,924248,54,0,0,0,0,0,0,0,1,0,0,0,0,0,0,0,1,0,0,0,1,0,0,0,0,0,0,1,0,1,0,0,0,0,0,0,0,0,0,1,0,0,0,0,0,0.770379,0,0,0,4.9079778596,0,2.9762225287,0,0,10.286534739,8.7162113922,8.7121246012,21.756550177,14.591372756,0,4.0851135765,1
3.770851,909756,298,0,0,0,0,0,0,0,1,0,0,0,0,0,0,0,1,0,0,1,1,0,0,1,0,0,0,1,0,0,1,0,0,0,0,0,0,1,0,0,0,0,0,0,0,0,0,0,0,0,0,2.8475138,0,0,9.933029521,9.3930114186,8.4369559448,20.367287435,12.196426895,0,4.5013646772,10
5.159183,908127,304,0,0,1,0,0,0,0,0,0,0,0,0,0,0,0,0,1,0,0,1,0,0,1,0,0,0,1,0,1,0,0,0,0,0,0,0,0,0,0,1,0,0,0,1,1.27964,1,0,0,0,1,3.0421537126,0,0,10.037693787,8.9938650804,8.3185333971,19.139495065,12.828822864,0,5.2308932267,2
4.053999,1240210,295,0,0,0,0,0,0,0,1,0,0,0,0,0,0,0,0,0,1,0,1,0,0,0,0,0,0,1,0,1,0,1,0,0,0,1,0,0,0,0,0,0,0,0,0,0,0,3.3913998776,0,0,1,2.9949189991,0,0,10.228550361,8.5071086764,8.3609990245,18.427721333,11.096510538,1,3.9461581207,3
-3.712283,909756,53,0,0,0,0,0,0,0,0,0,0,0,1,0,0,0,0,0,0,0,1,0,0,0,0,0,0,1,0,1,0,0,0,0,0,0,0,0,0,1,0,0,0,0,0,0,0,0,0,0,0,2.8475138,0,0,9.933029521,9.3930114186,8.4369559448,20.367287435,12.196426895,0,-1.910553104,5
2.633323,1240166,1028,1,0,0,0,0,0,0,0,0,0,0,0,0,0,0,0,0,0,0,1,0,0,1,0,0,0,1,0,1,1,1,0,0,0,0,0,0,0,0,0,0,0,0,0,0,1,0,0,2.7966849473,0,3.0238717604,0,0,11.482168397,10.167713696,8.8557395336,20.400662619,11.724299341,0,2.5899384366,1
4.509451,924248,302,0,0,0,0,0,0,0,0,0,0,0,0,0,0,0,0,0,0,0,1,0,0,0,0,0,0,1,0,1,1,1,0,1,1,0,0,0,0,1,0,0,0,0,0,0.770379,0,0,0,4.9079778596,0,2.9762225287,0,0,10.286534739,8.7162113922,8.7121246012,21.756550177,14.591372756,0,2.050695471,8
3.784094,1299061,1050,1,0,0,0,0,0,1,1,0,0,0,0,0,0,0,1,0,0,0,1,0,0,0,0,0,0,1,0,1,0,1,0,1,0,0,0,0,0,0,0,0,0,0,0,0,0,5.924603939,0,0,0,3.181275322,0,0,11.527623475,8.7989567731,8.2649243614,19.027614517,10.63934132,0,2.1296701338,9
3.602015,925343,5,0,0,0,0,0,0,0,1,0,0,0,0,0,0,0,0,0,0,1,1,0,0,0,0,0,0,1,0,0,1,1,0,0,1,0,0,0,0,0,1,0,0,0,0,0,1,0,0,0,1,2.9962981835,0,0,10.189126272,8.8162974431,8.2373848904,18.579263139,13.013508287,0,3.0598200067,10
-1.744017,971773,53,0,0,0,0,0,0,0,0,0,0,0,1,0,0,0,0,0,0,0,1,0,0,0,0,0,0,1,0,1,0,0,0,0,0,0,0,0,0,1,0,0,0,0,0,0,0,0,0,0,0,2.9223297099,0,0,8.8816005533,8.4627762221,8.5256898879,18.752996197,9.9208505412,0,-1.910506022,1
2.559731,971773,293,0,0,0,0,0,0,1,0,0,1,0,0,0,0,0,0,0,0,0,1,0,1,0,0,0,0,1,0,1,1,1,0,1,0,0,0,0,0,0,1,0,0,0,0,0,0,0,0,0,0,2.9223297099,0,-3,8.8816005533,8.4627762221,8.5256898879,18.752996197,9.9208505412,0,3.2922000755,8
-1.246481,910784,1372,1,0,0,0,0,0,0,0,0,0,0,0,0,0,0,0,0,0,0,0,0,0,0,1,0,0,1,0,1,1,0,0,0,1,0,0,0,0,0,0,0,0,0,0,0,0,3.1694195397,0,0,0,2.7731873637,0,0,9.4480264448,8.1521646816,8.3427107252,19.196949072,9.0332286474,0,-2.165471727,5
4.477055,909759,345,0,0,0,0,0,0,0,1,0,0,1,0,0,0,0,0,1,0,1,1,0,0,0,0,1,0,1,0,1,0,1,0,0,0,0,0,0,0,0,0,0,0,0,0,0,0,0,0,0,0,3.0146730322,0,0,9.237139029,8.4702744104,7.4905298784,18.879786744,11.507563933,0,4.3168633051,10
6.97144,909754,305,0,0,0,0,0,0,0,0,0,0,0,0,0,0,0,0,0,0,0,1,0,0,1,0,0,0,1,0,1,1,1,0,0,0,0,0,0,0,0,0,0,0.874992,3.482301125,2,1.249564,4,12.400271453,2,14.35521576,4,3.2239404416,0,0,10.807558704,8.9081237696,9.3022917015,24.001803288,16.699368639,2,6.4048280437,4
4.195003,925343,1052,1,0,0,0,0,0,0,1,0,0,0,0,0,0,1,0,1,0,0,1,0,0,1,0,0,0,1,0,0,0,1,0,0,0,0,0,0,0,0,0,0,0,0,0,0,1,0,0,0,1,2.9962981835,0,0,10.189126272,8.8162974431,8.2373848904,18.579263139,13.013508287,0,3.7248359304,7
2.597723,909754,1161,1,0,0,0,0,0,0,0,0,0,0,0,0,0,0,0,1,0,0,1,1,0,0,0,0,0,1,0,1,0,1,0,0,0,0,0,0,0,0,0,0,0.874992,3.482301125,2,1.249564,4,12.400271453,2,14.35521576,4,3.2239404416,0,0,10.807558704,8.9081237696,9.3022917015,24.001803288,16.699368639,2,3.2242674142,9
3.300962,909759,1029,1,0,0,0,0,0,0,1,0,0,0,0,0,0,0,0,1,0,1,1,0,0,1,0,0,0,1,0,1,1,1,0,0,0,0,0,0,0,0,0,0,0,0,0,0,0,0,0,0,0,3.0146730322,0,0,9.237139029,8.4702744104,7.4905298784,18.879786744,11.507563933,0,1.268288423,9
4.024875,909754,1046,1,0,0,0,0,0,0,1,0,0,1,0,0,0,1,1,1,1,1,1,1,1,1,0,1,0,1,0,0,0,0,0,0,0,0,0,0,0,1,0,0,0.874992,3.482301125,2,1.249564,4,12.400271453,2,14.35521576,4,3.2239404416,0,0,10.807558704,8.9081237696,9.3022917015,24.001803288,16.699368639,2,4.5120108523,1
1.546902,910784,282,0,0,0,0,1,0,0,1,0,0,0,1,0,0,0,0,0,0,0,1,0,1,1,0,0,0,1,1,0,0,1,0,1,0,0,0,0,0,0,0,0,0,0,0,0,0,3.1694195397,0,0,0,2.7731873637,4.714736251,0,9.4480264448,8.1521646816,8.3427107252,19.196949072,9.0332286474,0,1.4186331693,8
0.553893,909759,1142,1,0,0,1,0,0,0,0,0,0,0,0,0,0,0,0,0,0,0,1,0,0,0,0,0,0,1,0,1,1,1,0,0,1,0,0,0,0,0,0,0,0,0,0,0,0,0,0,0,0,3.0146730322,0,0,9.237139029,8.4702744104,7.4905298784,18.879786744,11.507563933,0,0.727307783,5
0.239538,909759,1161,1,0,0,0,0,0,0,0,0,0,0,0,0,0,0,0,1,0,0,1,1,0,0,0,0,0,1,0,1,0,1,0,0,0,0,0,0,0,0,0,0,0,0,0,0,0,0,0,0,0,3.0146730322,0,0,9.237139029,8.4702744104,7.4905298784,18.879786744,11.507563933,0,0.0119456127,2
2.35653,971774,152,0,0,0,0,0,0,1,1,0,0,0,0,0,0,0,1,0,0,0,1,0,0,0,0,0,0,1,0,1,0,0,0,0,0,1,1,0,0,0,1,0,0.807544,3.165283691,0,0.726215,1,3.4190544056,1,4.2084771202,1,3.0918643898,0,0,11.706620878,9.1123914875,8.9001265462,18.080785351,12.757518026,0,2.6135411299,9
-1.852986,909759,35,0,0,0,1,1,0,0,0,0,0,0,0,0,0,0,0,0,0,0,0,0,0,0,0,0,0,1,0,1,0,0,0,1,0,0,0,0,0,0,1,0,0,0,0,0,0,0,0,0,0,3.0146730322,0,0,9.237139029,8.4702744104,7.4905298784,18.879786744,11.507563933,0,-0.096006994,9
2.237094,909756,256,0,0,0,0,0,0,0,1,0,0,0,0,0,0,1,0,1,0,1,1,1,1,1,0,0,0,1,0,0,0,1,0,0,0,0,0,0,0,0,1,0,0,0,0,0,0,0,0,0,0,2.8475138,0,0,9.933029521,9.3930114186,8.4369559448,20.367287435,12.196426895,0,3.0078901291,8
2.205914,971773,1023,1,0,0,0,0,0,0,1,0,0,0,0,0,0,0,0,0,0,1,1,0,0,1,0,0,0,1,0,0,0,1,0,0,0,0,0,0,0,0,1,0,0,0,0,0,0,0,0,0,0,2.9223297099,0,0,8.8816005533,8.4627762221,8.5256898879,18.752996197,9.9208505412,0,1.2843931133,3
3.173284,1240215,177,0,0,0,0,0,0,0,0,0,0,1,0,0,0,1,0,0,1,1,1,0,1,1,0,0,0,1,0,1,0,1,0,0,0,0,0,0,0,1,0,0,0,0,0,0,0,6.5996007032,1,0,0,3.0662629843,0,0,9.7897319206,9.5000439039,8.3461885734,18.613933282,12.102026295,0,1.9067840362,8
4.399573,906999,305,0,0,0,0,0,0,0,0,0,0,0,0,0,0,0,0,0,0,0,1,0,0,1,0,0,0,1,0,1,1,1,0,0,0,0,0,0,0,0,0,0,0.7194,3.6102271394,1,0.7194,1,7.3829576608,1,2.9446837949,1,3.0495934171,0,0,9.9476808172,9.3831420839,8.7083086013,23.755134442,11.830576137,2,4.1293696947,9
2.125335,971774,1219,1,0,0,0,0,1,0,1,0,0,0,0,0,0,0,0,0,0,0,1,0,0,0,0,0,0,1,0,1,0,0,0,0,1,0,0,0,0,0,0,0,0.807544,3.165283691,0,0.726215,1,3.4190544056,1,4.2084771202,1,3.0918643898,0,0,11.706620878,9.1123914875,8.9001265462,18.080785351,12.757518026,0,1.4475861537,6
2.248836,909759,176,0,0,0,0,0,1,0,0,1,0,1,0,0,1,0,0,0,0,1,1,0,1,0,0,0,0,1,0,0,0,0,0,0,0,0,0,0,0,1,0,0,0,0,0,0,0,0,0,0,0,3.0146730322,0,0,9.237139029,8.4702744104,7.4905298784,18.879786744,11.507563933,0,1.7619319194,1
-1.084089,909754,51,0,1,0,0,0,0,0,1,0,0,0,0,1,0,0,0,0,0,0,1,0,0,0,0,0,0,1,0,1,1,1,0,1,0,0,0,0,0,0,1,0,0.874992,3.482301125,2,1.249564,4,12.400271453,2,14.35521576,4,3.2239404416,0,0,10.807558704,8.9081237696,9.3022917015,24.001803288,16.699368639,2,-0.294956049,7
1.88739,909759,1164,1,0,0,0,1,0,0,1,0,0,0,0,0,0,0,0,0,0,0,1,0,0,0,0,0,0,1,0,1,1,1,0,1,1,0,0,0,0,1,1,0,0,0,0,0,0,0,0,0,0,3.0146730322,0,0,9.237139029,8.4702744104,7.4905298784,18.879786744,11.507563933,0,0.6549133282,1
1.053828,971774,1049,1,0,0,0,0,0,0,0,0,0,0,0,0,0,0,0,0,0,1,1,0,1,1,0,0,0,1,0,1,0,0,0,0,0,0,0,0,0,0,0,0,0.807544,3.165283691,0,0.726215,1,3.4190544056,1,4.2084771202,1,3.0918643898,0,0,11.706620878,9.1123914875,8.9001265462,18.080785351,12.757518026,0,2.6087911043,7
1.923993,907298,207,0,0,0,1,0,0,0,0,0,0,0,0,0,0,0,0,0,0,0,1,0,0,0,0,0,0,1,1,1,0,0,0,0,0,0,0,0,0,0,0,0,0,0,0,0,0,0,0,0,0,2.976818149,0,0,11.151804899,8.4640050836,8.4112568406,19.341029083,9.6827849299,0,2.1421839631,5
4.411497,924248,293,0,0,0,0,0,0,1,0,0,1,0,0,0,0,0,0,0,0,0,1,0,1,0,0,0,0,1,0,1,1,1,0,1,0,0,0,0,0,0,1,0,0,0,0,0.770379,0,0,0,4.9079778596,0,2.9762225287,0,0,10.286534739,8.7162113922,8.7121246012,21.756550177,14.591372756,0,3.4453708452,7
2.669452,971773,6,0,0,0,0,0,0,0,1,0,0,0,0,0,1,0,0,0,0,1,1,0,0,0,0,0,0,1,0,0,1,1,0,0,1,0,0,0,0,0,1,0,0,0,0,0,0,0,0,0,0,2.9223297099,0,0,8.8816005533,8.4627762221,8.5256898879,18.752996197,9.9208505412,0,1.3084070349,1
3.092754,909759,1049,1,0,0,0,0,0,0,0,0,0,0,0,0,0,0,0,0,0,1,1,0,1,1,0,0,0,1,0,1,0,0,0,0,0,0,0,0,0,0,0,0,0,0,0,0,0,0,0,0,0,3.0146730322,0,0,9.237139029,8.4702744104,7.4905298784,18.879786744,11.507563933,0,1.6387729532,7
3.103214,908127,185,0,0,0,0,0,0,0,1,0,0,0,0,0,0,0,0,0,1,0,1,0,0,1,0,0,0,1,0,1,0,0,0,0,0,0,0,0,0,1,1,0,0,0,1,1.27964,1,0,0,0,1,3.0421537126,0,0,10.037693787,8.9938650804,8.3185333971,19.139495065,12.828822864,0,2.6469537031,10
-0.409064,909756,155,0,0,0,0,0,0,0,0,0,0,1,0,0,0,1,0,1,1,1,1,0,0,1,0,0,0,1,0,1,0,1,0,0,0,1,0,0,0,0,1,0,0,0,0,0,0,0,0,0,0,2.8475138,0,0,9.933029521,9.3930114186,8.4369559448,20.367287435,12.196426895,0,0.1312166903,10
4.908188,909716,1025,1,0,0,0,0,0,0,1,0,0,0,0,0,0,0,0,0,0,1,1,1,0,1,0,0,0,1,0,0,0,0,0,0,0,0,0,0,0,0,0,0,0,0,1,0.635086,0,0,0,0,0,3.0394636924,0,0,10.003834798,9.1063448433,9.204390565,21.518247244,10.79405744,0,5.2470259674,1
3.795668,908127,281,0,0,0,0,0,0,0,1,0,0,1,0,0,0,1,0,1,1,1,1,1,0,1,0,0,0,1,1,0,1,1,0,1,0,0,0,0,0,0,0,0,0,0,1,1.27964,1,0,0,0,1,3.0421537126,0,0,10.037693787,8.9938650804,8.3185333971,19.139495065,12.828822864,0,3.0593031857,4
1.496917,909716,167,0,0,0,0,0,0,0,0,0,0,1,0,0,0,1,0,0,1,1,1,0,0,1,0,0,0,1,0,0,0,0,0,0,0,1,0,0,0,0,1,0,0,0,1,0.635086,0,0,0,0,0,3.0394636924,0,0,10.003834798,9.1063448433,9.204390565,21.518247244,10.79405744,0,1.6208166605,2
-2.425905,909732,53,0,0,0,0,0,0,0,0,0,0,0,1,0,0,0,0,0,0,0,1,0,0,0,0,0,0,1,0,1,0,0,0,0,0,0,0,0,0,1,0,0,0,0,0,0,0,0,0,0,1,2.973266203,0,0,10.857390724,8.2620767107,8.4660243758,21.864805491,10.66951928,0,-1.910545104,10
3.911088,909732,63,0,0,0,0,0,0,0,0,1,1,0,0,0,1,0,0,0,1,0,1,0,1,0,0,0,0,1,0,1,0,1,0,0,1,0,0,0,1,0,1,0,0,0,0,0,0,0,0,0,1,2.973266203,0,-3,10.857390724,8.2620767107,8.4660243758,21.864805491,10.66951928,0,3.913746369,4
-2.163815,1299061,1057,1,0,0,0,0,0,0,1,0,0,0,0,0,0,1,0,1,0,1,1,0,0,1,0,0,0,1,1,1,0,0,0,0,1,0,0,0,0,0,1,0,0,0,0,0,0,5.924603939,0,0,0,3.181275322,0,0,11.527623475,8.7989567731,8.2649243614,19.027614517,10.63934132,0,-2.586250327,6
-1.276348,1299061,219,0,0,0,0,0,0,0,0,0,0,0,0,0,0,0,0,0,0,0,1,0,0,0,0,0,0,1,0,0,1,0,1,0,1,1,0,0,0,0,1,0,0,0,0,0,0,5.924603939,0,0,0,3.181275322,0,0,11.527623475,8.7989567731,8.2649243614,19.027614517,10.63934132,0,-0.894456828,4
1.386112,1240210,178,0,0,0,0,0,0,1,0,0,0,0,0,0,0,0,0,0,0,0,1,0,1,0,0,0,0,1,0,1,1,1,0,0,0,0,0,0,0,0,1,0,0,0,0,0,0,3.3913998776,0,0,1,2.9949189991,0,0,10.228550361,8.5071086764,8.3609990245,18.427721333,11.096510538,1,1.8091212084,10
4.921989,909264,1194,1,0,0,0,0,0,1,0,0,0,0,0,0,0,0,0,0,0,0,1,0,1,1,0,0,0,1,0,1,0,0,0,0,0,0,0,0,0,0,1,0,0,0,0,0,0,0,0,0,1,2.8489562007,0,0,10.179938953,8.755480529,8.5485372513,19.138951582,10.853599749,0,3.2728020866,5
3.650905,906999,192,0,0,0,0,0,0,0,0,0,0,0,0,0,0,0,0,0,0,0,0,0,0,0,0,0,0,1,0,0,0,0,0,0,0,0,0,0,0,0,0,0,0.7194,3.6102271394,1,0.7194,1,7.3829576608,1,2.9446837949,1,3.0495934171,0,0,9.9476808172,9.3831420839,8.7083086013,23.755134442,11.830576137,2,4.5243451117,5
3.040289,909716,291,0,1,0,0,0,0,0,1,0,0,0,1,1,0,0,0,0,0,0,1,0,0,1,0,0,0,1,1,0,0,0,0,0,0,0,0,0,0,0,1,0,0,0,1,0.635086,0,0,0,0,0,3.0394636924,0,0,10.003834798,9.1063448433,9.204390565,21.518247244,10.79405744,0,3.2227095673,6
1.646378,909720,1143,1,0,0,1,1,0,0,0,0,0,0,0,0,0,0,0,0,0,0,1,0,0,0,0,0,0,1,0,1,0,0,0,1,0,0,0,0,0,0,0,0,0,0,0,0,0,0,0,0,0,3.0099116771,0,0,9.0894024505,8.2986888893,8.1706134297,17.631371436,12.114078001,0,2.0741498461,5
1.038467,906999,207,0,0,0,1,0,0,0,0,0,0,0,0,0,0,0,0,0,0,0,1,0,0,0,0,0,0,1,1,1,0,0,0,0,0,0,0,0,0,0,0,0,0.7194,3.6102271394,1,0.7194,1,7.3829576608,1,2.9446837949,1,3.0495934171,0,0,9.9476808172,9.3831420839,8.7083086013,23.755134442,11.830576137,2,2.2854818474,4
3.762097,924248,206,0,0,0,0,0,0,0,0,0,0,0,0,0,0,0,0,0,0,0,1,0,0,0,0,0,0,1,1,1,0,0,0,0,0,1,0,0,0,0,0,0,0,0,0,0.770379,0,0,0,4.9079778596,0,2.9762225287,0,0,10.286534739,8.7162113922,8.7121246012,21.756550177,14.591372756,0,4.4968632911,2
4.881337,1240166,203,0,0,1,0,0,0,0,0,0,0,0,0,0,0,0,0,1,0,0,1,0,0,0,0,0,0,1,0,1,0,0,0,0,0,0,0,0,0,0,1,0,0,0,0,0,1,0,0,2.7966849473,0,3.0238717604,0,0,11.482168397,10.167713696,8.8557395336,20.400662619,11.724299341,0,3.1859921497,10
0.832228,1240215,1013,1,0,0,0,0,0,0,1,0,0,0,0,0,0,0,0,0,1,0,1,0,0,0,0,0,0,1,0,1,0,1,0,0,0,0,0,0,0,0,1,0,0,0,0,0,0,6.5996007032,1,0,0,3.0662629843,0,0,9.7897319206,9.5000439039,8.3461885734,18.613933282,12.102026295,0,2.1410914614,6
1.939961,909720,1028,1,0,0,0,0,0,0,0,0,0,0,0,0,0,0,0,0,0,0,1,0,0,1,0,0,0,1,0,1,1,1,0,0,0,0,0,0,0,0,0,0,0,0,0,0,0,0,0,0,0,3.0099116771,0,0,9.0894024505,8.2986888893,8.1706134297,17.631371436,12.114078001,0,2.5347651896,8
-2.238345,1240166,283,0,0,0,0,0,0,0,1,0,0,0,0,0,0,1,0,1,0,1,1,0,1,1,0,0,0,1,0,0,0,0,0,0,0,1,0,0,0,0,1,0,0,0,0,0,1,0,0,2.7966849473,0,3.0238717604,0,0,11.482168397,10.167713696,8.8557395336,20.400662619,11.724299341,0,-2.517181457,9
-1.799372,925343,86,0,0,0,0,0,0,0,1,0,0,0,0,0,0,1,0,1,0,1,1,0,1,1,0,0,0,1,0,0,0,0,0,1,0,1,0,0,0,0,0,0,0,0,0,0,1,0,0,0,1,2.9962981835,0,0,10.189126272,8.8162974431,8.2373848904,18.579263139,13.013508287,0,-0.849941321,3
3.661673,906999,301,0,0,0,0,0,0,0,0,0,0,0,0,0,0,0,0,0,0,0,1,0,0,0,0,0,0,0,0,0,0,0,0,0,1,1,1,0,0,0,1,0,0.7194,3.6102271394,1,0.7194,1,7.3829576608,1,2.9446837949,1,3.0495934171,0,0,9.9476808172,9.3831420839,8.7083086013,23.755134442,11.830576137,2,2.7091302411,9
1.550991,909732,52,0,0,0,0,0,0,0,0,0,0,0,0,0,0,1,1,0,0,0,1,1,0,1,0,0,0,1,0,1,0,1,0,0,0,0,0,0,0,0,0,0,0,0,0,0,0,0,0,0,1,2.973266203,0,0,10.857390724,8.2620767107,8.4660243758,21.864805491,10.66951928,0,1.9570790034,2
4.022244,910784,1194,1,0,0,0,0,0,1,0,0,0,0,0,0,0,0,0,0,0,0,1,0,1,1,0,0,0,1,0,1,0,0,0,0,0,0,0,0,0,0,1,0,0,0,0,0,0,3.1694195397,0,0,0,2.7731873637,0,0,9.4480264448,8.1521646816,8.3427107252,19.196949072,9.0332286474,0,4.5211342222,5
3.719521,909756,262,0,1,0,0,0,0,0,0,0,0,0,0,1,0,0,0,0,0,0,1,1,1,1,0,0,0,1,0,1,0,1,0,1,1,0,0,0,0,1,1,0,0,0,0,0,0,0,0,0,0,2.8475138,0,0,9.933029521,9.3930114186,8.4369559448,20.367287435,12.196426895,0,3.0665818325,8
0.809343,909716,155,0,0,0,0,0,0,0,0,0,0,1,0,0,0,1,0,1,1,1,1,0,0,1,0,0,0,1,0,1,0,1,0,0,0,1,0,0,0,0,1,0,0,0,1,0.635086,0,0,0,0,0,3.0394636924,0,0,10.003834798,9.1063448433,9.204390565,21.518247244,10.79405744,0,0.2722046103,10
2.379954,971773,1203,1,0,0,0,0,0,0,1,0,0,0,0,0,0,1,0,1,0,1,1,1,0,1,0,0,0,1,0,0,0,1,0,0,0,0,0,0,0,0,0,0,0,0,0,0,0,0,0,0,0,2.9223297099,0,0,8.8816005533,8.4627762221,8.5256898879,18.752996197,9.9208505412,0,3.1171220246,6
2.216458,909732,256,0,0,0,0,0,0,0,1,0,0,0,0,0,0,1,0,1,0,1,1,1,1,1,0,0,0,1,0,0,0,1,0,0,0,0,0,0,0,0,1,0,0,0,0,0,0,0,0,0,1,2.973266203,0,0,10.857390724,8.2620767107,8.4660243758,21.864805491,10.66951928,0,2.0306926905,7
2.893136,909754,64,0,0,0,0,0,0,0,0,0,0,0,0,0,0,0,0,0,1,1,1,0,0,1,0,0,0,1,0,1,0,0,0,0,0,0,0,0,0,1,0,0,0.874992,3.482301125,2,1.249564,4,12.400271453,2,14.35521576,4,3.2239404416,0,0,10.807558704,8.9081237696,9.3022917015,24.001803288,16.699368639,2,3.2101253338,4
1.571236,908127,1050,1,0,0,0,0,0,1,1,0,0,0,0,0,0,0,1,0,0,0,1,0,0,0,0,0,0,1,0,1,0,1,0,1,0,0,0,0,0,0,0,0,0,0,1,1.27964,1,0,0,0,1,3.0421537126,0,0,10.037693787,8.9938650804,8.3185333971,19.139495065,12.828822864,0,1.7420828996,5
-2.6042,907298,1022,1,0,0,0,0,0,0,0,0,0,0,0,0,0,0,0,0,0,0,1,0,0,1,0,0,0,1,0,1,1,0,0,0,1,0,0,1,0,0,1,0,0,0,0,0,0,0,0,0,0,2.976818149,0,0,11.151804899,8.4640050836,8.4112568406,19.341029083,9.6827849299,0,-1.750947615,2
4.114917,908127,255,0,0,0,0,0,0,0,1,0,1,0,0,0,0,1,1,1,0,0,1,0,1,1,0,0,0,1,0,1,0,0,0,1,1,0,0,0,0,0,0,0,0,0,1,1.27964,1,0,0,0,1,3.0421537126,0,0,10.037693787,8.9938650804,8.3185333971,19.139495065,12.828822864,0,4.1981758853,5
2.091988,1240215,1219,1,0,0,0,0,1,0,1,0,0,0,0,0,0,0,0,0,0,0,1,0,0,0,0,0,0,1,0,1,0,0,0,0,1,0,0,0,0,0,0,0,0,0,0,0,0,6.5996007032,1,0,0,3.0662629843,0,0,9.7897319206,9.5000439039,8.3461885734,18.613933282,12.102026295,0,1.7058504353,8
2.163744,909716,207,0,0,0,1,0,0,0,0,0,0,0,0,0,0,0,0,0,0,0,1,0,0,0,0,0,0,1,1,1,0,0,0,0,0,0,0,0,0,0,0,0,0,0,1,0.635086,0,0,0,0,0,3.0394636924,0,0,10.003834798,9.1063448433,9.204390565,21.518247244,10.79405744,0,2.0661214987,6
5.603547,909759,221,0,0,0,0,0,0,0,0,0,0,0,0,0,0,1,0,0,0,0,1,0,0,1,0,0,0,1,0,1,0,1,0,0,0,0,0,0,0,0,0,0,0,0,0,0,0,0,0,0,0,3.0146730322,0,0,9.237139029,8.4702744104,7.4905298784,18.879786744,11.507563933,0,4.4227967845,8
1.326308,1299061,178,0,0,0,0,0,0,1,0,0,0,0,0,0,0,0,0,0,0,0,1,0,1,0,0,0,0,1,0,1,1,1,0,0,0,0,0,0,0,0,1,0,0,0,0,0,0,5.924603939,0,0,0,3.181275322,0,0,11.527623475,8.7989567731,8.2649243614,19.027614517,10.63934132,0,2.5813199162,2
5.711253,909716,263,0,0,0,0,0,0,0,0,0,0,0,0,0,0,0,0,0,0,0,1,0,0,1,0,0,0,1,0,0,0,0,0,0,0,1,1,0,0,0,0,0,0,0,1,0.635086,0,0,0,0,0,3.0394636924,0,0,10.003834798,9.1063448433,9.204390565,21.518247244,10.79405744,0,5.3541798603,2
0.033521,908127,178,0,0,0,0,0,0,1,0,0,0,0,0,0,0,0,0,0,0,0,1,0,1,0,0,0,0,1,0,1,1,1,0,0,0,0,0,0,0,0,1,0,0,0,1,1.27964,1,0,0,0,1,3.0421537126,0,0,10.037693787,8.9938650804,8.3185333971,19.139495065,12.828822864,0,1.2129969254,5
1.839817,925343,256,0,0,0,0,0,0,0,1,0,0,0,0,0,0,1,0,1,0,1,1,1,1,1,0,0,0,1,0,0,0,1,0,0,0,0,0,0,0,0,1,0,0,0,0,0,1,0,0,0,1,2.9962981835,0,0,10.189126272,8.8162974431,8.2373848904,18.579263139,13.013508287,0,2.4363492077,10
5.283798,906999,299,0,0,0,0,0,0,0,0,0,0,0,0,0,0,0,0,0,1,0,1,0,1,0,0,0,0,1,0,1,0,0,0,0,0,1,0,0,0,1,1,0,0.7194,3.6102271394,1,0.7194,1,7.3829576608,1,2.9446837949,1,3.0495934171,0,0,9.9476808172,9.3831420839,8.7083086013,23.755134442,11.830576137,2,4.3519504869,3
1.242504,909759,1203,1,0,0,0,0,0,0,1,0,0,0,0,0,0,1,0,1,0,1,1,1,0,1,0,0,0,1,0,0,0,1,0,0,0,0,0,0,0,0,0,0,0,0,0,0,0,0,0,0,0,3.0146730322,0,0,9.237139029,8.4702744104,7.4905298784,18.879786744,11.507563933,0,1.7712640704,5
1.851373,909720,256,0,0,0,0,0,0,0,1,0,0,0,0,0,0,1,0,1,0,1,1,1,1,1,0,0,0,1,0,0,0,1,0,0,0,0,0,0,0,0,1,0,0,0,0,0,0,0,0,0,0,3.0099116771,0,0,9.0894024505,8.2986888893,8.1706134297,17.631371436,12.114078001,0,1.9039901685,9
-0.14051,909264,185,0,0,0,0,0,0,0,1,0,0,0,0,0,0,0,0,0,1,0,1,0,0,1,0,0,0,1,0,1,0,0,0,0,0,0,0,0,0,1,1,0,0,0,0,0,0,0,0,0,1,2.8489562007,0,0,10.179938953,8.755480529,8.5485372513,19.138951582,10.853599749,0,1.6323583687,9
-0.586136,971773,219,0,0,0,0,0,0,0,0,0,0,0,0,0,0,0,0,0,0,0,1,0,0,0,0,0,0,1,0,0,1,0,1,0,1,1,0,0,0,0,1,0,0,0,0,0,0,0,0,0,0,2.9223297099,0,0,8.8816005533,8.4627762221,8.5256898879,18.752996197,9.9208505412,0,-0.373930771,4
0.53385,906999,184,0,0,0,0,0,0,0,0,0,0,0,0,0,0,0,0,0,0,0,0,0,0,0,0,0,0,1,0,1,0,0,0,0,0,1,1,0,0,0,1,0,0.7194,3.6102271394,1,0.7194,1,7.3829576608,1,2.9446837949,1,3.0495934171,0,0,9.9476808172,9.3831420839,8.7083086013,23.755134442,11.830576137,2,0.9305991596,9
3.081559,909720,54,0,0,0,0,0,0,0,1,0,0,0,0,0,0,0,1,0,0,0,1,0,0,0,0,0,0,1,0,1,0,0,0,0,0,0,0,0,0,1,0,0,0,0,0,0,0,0,0,0,0,3.0099116771,0,0,9.0894024505,8.2986888893,8.1706134297,17.631371436,12.114078001,0,2.8863035964,9
-3.059134,909756,51,0,1,0,0,0,0,0,1,0,0,0,0,1,0,0,0,0,0,0,1,0,0,0,0,0,0,1,0,1,1,1,0,1,0,0,0,0,0,0,1,0,0,0,0,0,0,0,0,0,0,2.8475138,0,0,9.933029521,9.3930114186,8.4369559448,20.367287435,12.196426895,0,-0.680605984,10
2.484207,1240215,226,0,0,0,0,0,0,0,0,0,0,0,0,0,0,1,0,1,0,1,1,0,0,1,0,0,0,1,0,1,0,0,0,0,1,1,0,0,0,0,0,0,0,0,0,0,0,6.5996007032,1,0,0,3.0662629843,0,0,9.7897319206,9.5000439039,8.3461885734,18.613933282,12.102026295,0,1.402991362,6
3.15282,910784,279,0,0,0,0,0,0,0,1,0,0,0,0,0,0,0,0,0,1,0,1,0,0,1,0,0,0,1,0,0,1,1,0,0,1,0,0,0,0,0,0,0,0,0,0,0,0,3.1694195397,0,0,0,2.7731873637,0,0,9.4480264448,8.1521646816,8.3427107252,19.196949072,9.0332286474,0,3.8398297607,5
2.283625,909720,305,0,0,0,0,0,0,0,0,0,0,0,0,0,0,0,0,0,0,0,1,0,0,1,0,0,0,1,0,1,1,1,0,0,0,0,0,0,0,0,0,0,0,0,0,0,0,0,0,0,0,3.0099116771,0,0,9.0894024505,8.2986888893,8.1706134297,17.631371436,12.114078001,0,2.1721149883,5
3.135394,971773,281,0,0,0,0,0,0,0,1,0,0,1,0,0,0,1,0,1,1,1,1,1,0,1,0,0,0,1,1,0,1,1,0,1,0,0,0,0,0,0,0,0,0,0,0,0,0,0,0,0,0,2.9223297099,0,0,8.8816005533,8.4627762221,8.5256898879,18.752996197,9.9208505412,0,4.2044300186,1
-3.925228,909716,1022,1,0,0,0,0,0,0,0,0,0,0,0,0,0,0,0,0,0,0,1,0,0,1,0,0,0,1,0,1,1,0,0,0,1,0,0,1,0,0,1,0,0,0,1,0.635086,0,0,0,0,0,3.0394636924,0,0,10.003834798,9.1063448433,9.204390565,21.518247244,10.79405744,0,-1.225419308,2
1.012185,909754,157,0,0,0,0,0,0,0,0,0,0,0,0,0,0,0,0,0,0,0,1,0,0,0,0,0,0,1,0,1,0,0,0,1,0,0,0,0,0,0,0,0,0.874992,3.482301125,2,1.249564,4,12.400271453,2,14.35521576,4,3.2239404416,0,0,10.807558704,8.9081237696,9.3022917015,24.001803288,16.699368639,2,2.4686401215,5
2.930723,909756,152,0,0,0,0,0,0,1,1,0,0,0,0,0,0,0,1,0,0,0,1,0,0,0,0,0,0,1,0,1,0,0,0,0,0,1,1,0,0,0,1,0,0,0,0,0,0,0,0,0,0,2.8475138,0,0,9.933029521,9.3930114186,8.4369559448,20.367287435,12.196426895,0,2.284707394,6
1.637921,909264,155,0,0,0,0,0,0,0,0,0,0,1,0,0,0,1,0,1,1,1,1,0,0,1,0,0,0,1,0,1,0,1,0,0,0,1,0,0,0,0,1,0,0,0,0,0,0,0,0,0,1,2.8489562007,0,0,10.179938953,8.755480529,8.5485372513,19.138951582,10.853599749,0,0.2371356747,8
4.90189,909754,185,0,0,0,0,0,0,0,1,0,0,0,0,0,0,0,0,0,1,0,1,0,0,1,0,0,0,1,0,1,0,0,0,0,0,0,0,0,0,1,1,0,0.874992,3.482301125,2,1.249564,4,12.400271453,2,14.35521576,4,3.2239404416,0,0,10.807558704,8.9081237696,9.3022917015,24.001803288,16.699368639,2,2.9605380213,6
-1.481394,924248,219,0,0,0,0,0,0,0,0,0,0,0,0,0,0,0,0,0,0,0,1,0,0,0,0,0,0,1,0,0,1,0,1,0,1,1,0,0,0,0,1,0,0,0,0,0.770379,0,0,0,4.9079778596,0,2.9762225287,0,0,10.286534739,8.7162113922,8.7121246012,21.756550177,14.591372756,0,2.3711016369,1
3.132967,971774,1046,1,0,0,0,0,0,0,1,0,0,1,0,0,0,1,1,1,1,1,1,1,1,1,0,1,0,1,0,0,0,0,0,0,0,0,0,0,0,1,0,0,0.807544,3.165283691,0,0.726215,1,3.4190544056,1,4.2084771202,1,3.0918643898,0,0,11.706620878,9.1123914875,8.9001265462,18.080785351,12.757518026,0,2.6748611899,9
5.407608,906999,275,0,0,0,0,0,0,0,1,0,0,0,0,0,0,0,1,0,0,0,1,0,1,1,0,0,0,1,0,1,0,0,0,0,1,1,0,0,0,0,1,0,0.7194,3.6102271394,1,0.7194,1,7.3829576608,1,2.9446837949,1,3.0495934171,0,0,9.9476808172,9.3831420839,8.7083086013,23.755134442,11.830576137,2,5.1684571588,4
5.907099,925343,231,0,0,0,0,0,0,0,0,0,0,0,0,0,0,0,0,0,1,1,1,0,0,1,0,0,0,1,0,1,0,0,0,1,0,0,0,0,0,0,0,0,0,0,0,0,1,0,0,0,1,2.9962981835,0,0,10.189126272,8.8162974431,8.2373848904,18.579263139,13.013508287,0,5.219579878,8
3.540154,909720,192,0,0,0,0,0,0,0,0,0,0,0,0,0,0,0,0,0,0,0,0,0,0,0,0,0,0,1,0,0,0,0,0,0,0,0,0,0,0,0,0,0,0,0,0,0,0,0,0,0,0,3.0099116771,0,0,9.0894024505,8.2986888893,8.1706134297,17.631371436,12.114078001,0,4.1558435235,6
4.52791,909756,345,0,0,0,0,0,0,0,1,0,0,1,0,0,0,0,0,1,0,1,1,0,0,0,0,1,0,1,0,1,0,1,0,0,0,0,0,0,0,0,0,0,0,0,0,0,0,0,0,0,0,2.8475138,0,0,9.933029521,9.3930114186,8.4369559448,20.367287435,12.196426895,0,4.3168608668,2
2.20634,925343,64,0,0,0,0,0,0,0,0,0,0,0,0,0,0,0,0,0,1,1,1,0,0,1,0,0,0,1,0,1,0,0,0,0,0,0,0,0,0,1,0,0,0,0,0,0,1,0,0,0,1,2.9962981835,0,0,10.189126272,8.8162974431,8.2373848904,18.579263139,13.013508287,0,1.8974017126,1
-0.476379,906999,1242,1,0,0,0,0,0,0,0,0,1,1,0,0,0,0,0,0,0,1,1,0,1,0,0,0,0,1,0,0,0,1,0,0,0,0,0,0,1,1,0,0,0.7194,3.6102271394,1,0.7194,1,7.3829576608,1,2.9446837949,1,3.0495934171,0,0,9.9476808172,9.3831420839,8.7083086013,23.755134442,11.830576137,2,-0.450988781,2
2.844382,909264,202,0,0,0,0,1,0,0,1,0,1,0,0,0,0,1,0,0,0,0,1,1,1,1,0,0,0,1,0,1,0,1,0,1,0,0,0,0,1,0,1,0,0,0,0,0,0,0,0,0,1,2.8489562007,0,0,10.179938953,8.755480529,8.5485372513,19.138951582,10.853599749,0,1.3103895473,5
3.477828,1299061,206,0,0,0,0,0,0,0,0,0,0,0,0,0,0,0,0,0,0,0,1,0,0,0,0,0,0,1,1,1,0,0,0,0,0,1,0,0,0,0,0,0,0,0,0,0,0,5.924603939,0,0,0,3.181275322,0,0,11.527623475,8.7989567731,8.2649243614,19.027614517,10.63934132,0,4.0199902443,7
5.130758,1240166,263,0,0,0,0,0,0,0,0,0,0,0,0,0,0,0,0,0,0,0,1,0,0,1,0,0,0,1,0,0,0,0,0,0,0,1,1,0,0,0,0,0,0,0,0,0,1,0,0,2.7966849473,0,3.0238717604,0,0,11.482168397,10.167713696,8.8557395336,20.400662619,11.724299341,0,5.2853661553,4
